0.000000000000000000e+00 4.379522825506373257e-02 4.853444049667736404e-02 6.117541757697050886e-02 6.091666125218231365e-02 5.774124899275815542e-02 6.795046471057092363e-02 7.354021090587807563e-02 8.135879605796200731e-02 7.148589923535404733e-02 6.332974328639615069e-02 7.718285004107147684e-02 5.331161370385198439e-02 6.238861614682913309e-02 6.914059149119140824e-02 0.000000000000000000e+00 6.707730468481309938e-02 5.902292446159937422e-02 4.195627170663093763e-02 4.096703441045641825e-02
4.379522825506373257e-02 0.000000000000000000e+00 8.195964142281227105e-02 1.054448179618002607e-01 1.077624722459287199e-01 8.170025654633998602e-02 8.910049207859833953e-02 1.027618667828003179e-01 9.665982856314153659e-02 7.747325850584697859e-02 7.124242833227729943e-02 9.043365013518223083e-02 8.075210196615340008e-02 8.531133450990213696e-02 9.235384290800680018e-02 3.563143380441639863e-02 5.897969518851884502e-02 7.431598813023891636e-02 5.936379496776594822e-02 6.004551931265928594e-02
4.853444049667736404e-02 8.195964142281227105e-02 0.000000000000000000e+00 9.661742282138852111e-02 9.235823114751853802e-02 1.182344018520328777e-01 1.289831556398707557e-01 1.332518884476329435e-01 1.267839103970543335e-01 9.673631834205162483e-02 7.743022275886130013e-02 9.446207496707534346e-02 8.252969029711930415e-02 8.010945918587142334e-02 8.115044768250868901e-02 5.232864186285458852e-02 8.499656902769456290e-02 8.962326881811930046e-02 8.937212720636428243e-02 7.872855645517742862e-02
6.117541757697050886e-02 1.054448179618002607e-01 9.661742282138852111e-02 0.000000000000000000e+00 1.017162317982478748e-01 1.101305432648528038e-01 1.196607347910989827e-01 1.243988437972391170e-01 1.241394332770000969e-01 1.013218153550321105e-01 7.684685843489134915e-02 9.782746949555684579e-02 9.432838082420379189e-02 8.877089593806847256e-02 8.975402692545630945e-02 4.274537063029245493e-02 7.769688989120843159e-02 8.792452477526868648e-02 8.946204959118277122e-02 7.983305801428980386e-02
6.091666125218231365e-02 1.077624722459287199e-01 9.235823114751853802e-02 1.017162317982478748e-01 0.000000000000000000e+00 1.078400614366079591e-01 1.002612614713492001e-01 1.013489903367898737e-01 1.048176939854653933e-01 8.848673877068156945e-02 5.679238018520547937e-02 7.435408665300928532e-02 6.858532862668179075e-02 6.308105531100079155e-02 7.526018623959246368e-02 2.190669663701895475e-02 7.136359913437156921e-02 7.835316257304138221e-02 8.375266635251489566e-02 9.086578859208352399e-02
5.774124899275815542e-02 8.170025654633998602e-02 1.182344018520328777e-01 1.101305432648528038e-01 1.078400614366079591e-01 0.000000000000000000e+00 1.815888715305571666e-01 1.784022029021156419e-01 1.671246573168641836e-01 1.465872920755389164e-01 7.208115049395923124e-02 9.733385837950532526e-02 9.867433478061758689e-02 1.083778150397084750e-01 1.052500894427539357e-01 3.837419403552690816e-02 7.196668907055017717e-02 1.259810283296085576e-01 1.353367386437407671e-01 1.515170669708260920e-01
6.795046471057092363e-02 8.910049207859833953e-02 1.289831556398707557e-01 1.196607347910989827e-01 1.002612614713492001e-01 1.815888715305571666e-01 0.000000000000000000e+00 2.056521199549204426e-01 1.977740077863426871e-01 1.685898268200496652e-01 6.862282857289300764e-02 1.012056791109192805e-01 1.129762670696589505e-01 1.195374624086955884e-01 1.201773826011912905e-01 5.130757363179415387e-02 9.659224304140037742e-02 1.478827805643659898e-01 1.628503710079617084e-01 1.694686629373888531e-01
7.354021090587807563e-02 1.027618667828003179e-01 1.332518884476329435e-01 1.243988437972391170e-01 1.013489903367898737e-01 1.784022029021156419e-01 2.056521199549204426e-01 0.000000000000000000e+00 1.856311288894130496e-01 1.565658779717571114e-01 6.975403729342044556e-02 1.051175554242036597e-01 1.027385575883111718e-01 1.114855014164104208e-01 1.118386813159617799e-01 4.833345025851036592e-02 8.900247854346544918e-02 1.385656510142677378e-01 1.538127602140776373e-01 1.596860426228574881e-01
8.135879605796200731e-02 9.665982856314153659e-02 1.267839103970543335e-01 1.241394332770000969e-01 1.048176939854653933e-01 1.671246573168641836e-01 1.977740077863426871e-01 1.856311288894130496e-01 0.000000000000000000e+00 1.537919110158889047e-01 7.902468863640320362e-02 1.027466796706860419e-01 1.050960163945197645e-01 1.145968919876266257e-01 1.141793982821404929e-01 4.392776315355296363e-02 8.890298584346634225e-02 1.345033378365801668e-01 1.523492209948847931e-01 1.540477638157951301e-01
7.148589923535404733e-02 7.747325850584697859e-02 9.673631834205162483e-02 1.013218153550321105e-01 8.848673877068156945e-02 1.465872920755389164e-01 1.685898268200496652e-01 1.565658779717571114e-01 1.537919110158889047e-01 0.000000000000000000e+00 7.036461313462184786e-02 8.801212405168308550e-02 8.943965584024646254e-02 9.531466480016008436e-02 9.878615950352098718e-02 4.611172146375300956e-02 9.990662931674668124e-02 1.315789401685148741e-01 1.429504879487760727e-01 1.571513294591388721e-01
6.332974328639615069e-02 7.124242833227729943e-02 7.743022275886130013e-02 7.684685843489134915e-02 5.679238018520547937e-02 7.208115049395923124e-02 6.862282857289300764e-02 6.975403729342044556e-02 7.902468863640320362e-02 7.036461313462184786e-02 0.000000000000000000e+00 6.819452197689379602e-02 5.656034784195292098e-02 6.478820880040306318e-02 7.801296060920538677e-02 0.000000000000000000e+00 6.584727807651354070e-02 6.249867105834638892e-02 5.733863413319898600e-02 5.326125413421693017e-02
7.718285004107147684e-02 9.043365013518223083e-02 9.446207496707534346e-02 9.782746949555684579e-02 7.435408665300928532e-02 9.733385837950532526e-02 1.012056791109192805e-01 1.051175554242036597e-01 1.027466796706860419e-01 8.801212405168308550e-02 6.819452197689379602e-02 0.000000000000000000e+00 7.406855305515359922e-02 8.328260162344315598e-02 8.940479253984977281e-02 0.000000000000000000e+00 7.163526494784872023e-02 8.981162010869910006e-02 9.471351466333532976e-02 8.751652342918354865e-02
5.331161370385198439e-02 8.075210196615340008e-02 8.252969029711930415e-02 9.432838082420379189e-02 6.858532862668179075e-02 9.867433478061758689e-02 1.129762670696589505e-01 1.027385575883111718e-01 1.050960163945197645e-01 8.943965584024646254e-02 5.656034784195292098e-02 7.406855305515359922e-02 0.000000000000000000e+00 8.933534729160388932e-02 9.339656471264569382e-02 0.000000000000000000e+00 6.312552747838338918e-02 8.519528454578613463e-02 9.031475312846269643e-02 8.685495200269918725e-02
6.238861614682913309e-02 8.531133450990213696e-02 8.010945918587142334e-02 8.877089593806847256e-02 6.308105531100079155e-02 1.083778150397084750e-01 1.195374624086955884e-01 1.114855014164104208e-01 1.145968919876266257e-01 9.531466480016008436e-02 6.478820880040306318e-02 8.328260162344315598e-02 8.933534729160388932e-02 0.000000000000000000e+00 9.736849249624558722e-02 0.000000000000000000e+00 7.812931355156192692e-02 9.998693167066130538e-02 9.833298691041128525e-02 9.884239931709375149e-02
6.914059149119140824e-02 9.235384290800680018e-02 8.115044768250868901e-02 8.975402692545630945e-02 7.526018623959246368e-02 1.052500894427539357e-01 1.201773826011912905e-01 1.118386813159617799e-01 1.141793982821404929e-01 9.878615950352098718e-02 7.801296060920538677e-02 8.940479253984977281e-02 9.339656471264569382e-02 9.736849249624558722e-02 0.000000000000000000e+00 0.000000000000000000e+00 9.026369868614714242e-02 1.035910889963337633e-01 1.055387809648171277e-01 1.103808050352685782e-01
0.000000000000000000e+00 3.563143380441639863e-02 5.232864186285458852e-02 4.274537063029245493e-02 2.190669663701895475e-02 3.837419403552690816e-02 5.130757363179415387e-02 4.833345025851036592e-02 4.392776315355296363e-02 4.611172146375300956e-02 0.000000000000000000e+00 0.000000000000000000e+00 0.000000000000000000e+00 0.000000000000000000e+00 0.000000000000000000e+00 0.000000000000000000e+00 5.480453533142004563e-02 7.831425605300593173e-02 1.077495228401066790e-01 1.017179439804781066e-01
6.707730468481309938e-02 5.897969518851884502e-02 8.499656902769456290e-02 7.769688989120843159e-02 7.136359913437156921e-02 7.196668907055017717e-02 9.659224304140037742e-02 8.900247854346544918e-02 8.890298584346634225e-02 9.990662931674668124e-02 6.584727807651354070e-02 7.163526494784872023e-02 6.312552747838338918e-02 7.812931355156192692e-02 9.026369868614714242e-02 5.480453533142004563e-02 0.000000000000000000e+00 1.602604054773553721e-01 1.806345004734176696e-01 1.945348197931621725e-01
5.902292446159937422e-02 7.431598813023891636e-02 8.962326881811930046e-02 8.792452477526868648e-02 7.835316257304138221e-02 1.259810283296085576e-01 1.478827805643659898e-01 1.385656510142677378e-01 1.345033378365801668e-01 1.315789401685148741e-01 6.249867105834638892e-02 8.981162010869910006e-02 8.519528454578613463e-02 9.998693167066130538e-02 1.035910889963337633e-01 7.831425605300593173e-02 1.602604054773553721e-01 0.000000000000000000e+00 2.618726223323091240e-01 2.868175297244213162e-01
4.195627170663093763e-02 5.936379496776594822e-02 8.937212720636428243e-02 8.946204959118277122e-02 8.375266635251489566e-02 1.353367386437407671e-01 1.628503710079617084e-01 1.538127602140776373e-01 1.523492209948847931e-01 1.429504879487760727e-01 5.733863413319898600e-02 9.471351466333532976e-02 9.031475312846269643e-02 9.833298691041128525e-02 1.055387809648171277e-01 1.077495228401066790e-01 1.806345004734176696e-01 2.618726223323091240e-01 0.000000000000000000e+00 3.227894517053828127e-01
4.096703441045641825e-02 6.004551931265928594e-02 7.872855645517742862e-02 7.983305801428980386e-02 9.086578859208352399e-02 1.515170669708260920e-01 1.694686629373888531e-01 1.596860426228574881e-01 1.540477638157951301e-01 1.571513294591388721e-01 5.326125413421693017e-02 8.751652342918354865e-02 8.685495200269918725e-02 9.884239931709375149e-02 1.103808050352685782e-01 1.017179439804781066e-01 1.945348197931621725e-01 2.868175297244213162e-01 3.227894517053828127e-01 0.000000000000000000e+00
