0.000000000000000000e+00 3.338530020995991165e+00 4.035635288313786262e+00 3.463512203542843615e+00 5.160110791506064665e+00 4.631124950104497984e+00
3.338530020995991165e+00 0.000000000000000000e+00 5.685038816940056527e+00 5.553613435052772829e+00 6.663311233698240521e+00 7.232576296150970308e+00
4.035635288313786262e+00 5.685038816940056527e+00 0.000000000000000000e+00 6.437866404031654888e+00 6.870058502188731708e+00 7.029387166964975897e+00
3.463512203542843615e+00 5.553613435052772829e+00 6.437866404031654888e+00 0.000000000000000000e+00 6.547136463178129695e+00 6.919603958931728194e+00
5.160110791506064665e+00 6.663311233698240521e+00 6.870058502188731708e+00 6.547136463178129695e+00 0.000000000000000000e+00 6.101479646158450620e+00
4.631124950104497984e+00 7.232576296150970308e+00 7.029387166964975897e+00 6.919603958931728194e+00 6.101479646158450620e+00 0.000000000000000000e+00
