0.000000000000000000e+00 6.611188910393418772e-02 6.306811842117049371e-02 6.083188615630701762e-02 7.108525304726182048e-02 7.675181562895792842e-02
6.611188910393418772e-02 0.000000000000000000e+00 7.428459934731768133e-02 7.100268286810093588e-02 8.358862996398309930e-02 7.723078195942237323e-02
6.306811842117049371e-02 7.428459934731768133e-02 0.000000000000000000e+00 8.057312157863166791e-02 8.948830383438081959e-02 8.695703832657458721e-02
6.083188615630701762e-02 7.100268286810093588e-02 8.057312157863166791e-02 0.000000000000000000e+00 9.373542224869227391e-02 8.540672991710063222e-02
7.108525304726182048e-02 8.358862996398309930e-02 8.948830383438081959e-02 9.373542224869227391e-02 0.000000000000000000e+00 9.707827856435018166e-02
7.675181562895792842e-02 7.723078195942237323e-02 8.695703832657458721e-02 8.540672991710063222e-02 9.707827856435018166e-02 0.000000000000000000e+00
