0.000000000000000000e+00 5.612800968141580527e-02 5.188221506474618994e-02 4.601122678930883586e-02 4.934825669350697414e-02 5.526899327992711858e-02 7.416282580810727720e-02 7.432934267094382097e-02
5.612800968141580527e-02 0.000000000000000000e+00 7.060459747180275469e-02 6.184674631865568623e-02 5.595201967223641104e-02 6.480692070726097598e-02 8.913865404798308745e-02 8.197493843552022819e-02
5.188221506474618994e-02 7.060459747180275469e-02 0.000000000000000000e+00 6.000784254316239574e-02 5.079388630268306948e-02 6.244112438287754974e-02 7.880585560758296415e-02 7.904408728496638281e-02
4.601122678930883586e-02 6.184674631865568623e-02 6.000784254316239574e-02 0.000000000000000000e+00 6.150727903465565138e-02 7.042800268177926148e-02 8.437684871463868586e-02 8.523786295317861694e-02
4.934825669350697414e-02 5.595201967223641104e-02 5.079388630268306948e-02 6.150727903465565138e-02 0.000000000000000000e+00 7.711558152831481106e-02 8.033350209571757383e-02 7.724862258399915749e-02
5.526899327992711858e-02 6.480692070726097598e-02 6.244112438287754974e-02 7.042800268177926148e-02 7.711558152831481106e-02 0.000000000000000000e+00 1.046577967402975429e-01 9.016616925340233124e-02
7.416282580810727720e-02 8.913865404798308745e-02 7.880585560758296415e-02 8.437684871463868586e-02 8.033350209571757383e-02 1.046577967402975429e-01 0.000000000000000000e+00 1.038920793540337034e-01
7.432934267094382097e-02 8.197493843552022819e-02 7.904408728496638281e-02 8.523786295317861694e-02 7.724862258399915749e-02 9.016616925340233124e-02 1.038920793540337034e-01 0.000000000000000000e+00
