0.000000000000000000e+00 5.378440590692286360e-02 3.454268610853311605e-02 5.447638985646971466e-02 6.872378739405515802e-02 3.571455682610139015e-02 5.173181981558323123e-02 2.989107012218832765e-02 5.917424624454545312e-02 8.029731594406665229e-02 1.013505895860822154e-01 8.064906999476090244e-02 8.801481135014148360e-02 7.704134897663862669e-02 9.606046332753100103e-02 6.023748419015833439e-02 0.000000000000000000e+00 4.194545813679239482e-02 3.859402105676383588e-02 3.556681340578592837e-02 3.109058001163826288e-02 3.446210389722569045e-02 3.697901885106145980e-02 0.000000000000000000e+00 4.095747503438692400e-02 4.586945456051208514e-02 5.707415569237464514e-02 8.013160453035475528e-02 8.511349057036650401e-02 8.279064506651812039e-02 9.208497129008574866e-02 8.215355202167937132e-02
5.378440590692286360e-02 0.000000000000000000e+00 3.934404287179554122e-02 5.426173195480593625e-02 7.228963937550229868e-02 0.000000000000000000e+00 0.000000000000000000e+00 0.000000000000000000e+00 7.802049290323524733e-02 9.081124539711235566e-02 9.793699505500641500e-02 9.029565190717307732e-02 9.406908051275558735e-02 7.084230039432745651e-02 8.696828233883610593e-02 5.715714097071061817e-02 0.000000000000000000e+00 4.333282878295333096e-02 0.000000000000000000e+00 4.198044441158346046e-02 0.000000000000000000e+00 0.000000000000000000e+00 0.000000000000000000e+00 0.000000000000000000e+00 0.000000000000000000e+00 6.009765386568772377e-02 6.389622136704459221e-02 8.312024517549665426e-02 7.669232499685744997e-02 9.449164286306088734e-02 8.251100177578103712e-02 8.590812415592838369e-02
3.454268610853311605e-02 3.934404287179554122e-02 0.000000000000000000e+00 0.000000000000000000e+00 4.783986734494411613e-02 0.000000000000000000e+00 0.000000000000000000e+00 -0.000000000000000000e+00 6.861066914487062851e-02 7.181706650378079371e-02 7.663542184463047191e-02 6.907007793557780329e-02 6.781564580999722980e-02 5.623355819770214925e-02 7.085060226042154408e-02 4.439141287351659054e-02 0.000000000000000000e+00 4.240351124048133413e-02 0.000000000000000000e+00 4.703285540408670001e-02 0.000000000000000000e+00 0.000000000000000000e+00 0.000000000000000000e+00 0.000000000000000000e+00 0.000000000000000000e+00 5.797720236439000280e-02 6.999522678762011563e-02 1.007249276655868830e-01 9.065719314700196318e-02 1.020375981134935273e-01 9.613475545856754734e-02 8.337937102017983770e-02
5.447638985646971466e-02 5.426173195480593625e-02 0.000000000000000000e+00 0.000000000000000000e+00 5.996610644077380453e-02 0.000000000000000000e+00 0.000000000000000000e+00 0.000000000000000000e+00 8.793840574920307185e-02 9.205404966260831434e-02 9.446565291140994469e-02 8.357940679800576755e-02 8.556576030626122931e-02 6.833979758236757851e-02 7.900033747024698405e-02 4.593887445835224265e-02 0.000000000000000000e+00 4.188090982906285398e-02 0.000000000000000000e+00 5.382695702444464242e-02 0.000000000000000000e+00 0.000000000000000000e+00 0.000000000000000000e+00 0.000000000000000000e+00 0.000000000000000000e+00 5.353106692390378896e-02 5.341473035662181595e-02 7.987182080729368638e-02 7.139638824346426771e-02 9.459306653722726610e-02 8.296847421655532961e-02 7.493874662053068292e-02
6.872378739405515802e-02 7.228963937550229868e-02 4.783986734494411613e-02 5.996610644077380453e-02 0.000000000000000000e+00 0.000000000000000000e+00 0.000000000000000000e+00 0.000000000000000000e+00 8.253990944367844973e-02 8.593888362525929636e-02 9.704752333594826585e-02 8.383559115879912760e-02 8.047546429516379274e-02 7.183243360273673661e-02 8.533486391457673070e-02 5.112263817668201427e-02 0.000000000000000000e+00 3.961949804474934611e-02 0.000000000000000000e+00 4.791393631182652713e-02 0.000000000000000000e+00 0.000000000000000000e+00 0.000000000000000000e+00 0.000000000000000000e+00 0.000000000000000000e+00 4.278703553462222947e-02 4.525395193714605580e-02 7.305323750646341985e-02 6.658068222223138821e-02 8.754056825716745316e-02 8.362168728545914254e-02 9.144411993072194822e-02
3.571455682610139015e-02 0.000000000000000000e+00 0.000000000000000000e+00 0.000000000000000000e+00 0.000000000000000000e+00 0.000000000000000000e+00 0.000000000000000000e+00 0.000000000000000000e+00 6.386921858376920502e-02 7.555145083526461358e-02 8.864366843210268188e-02 6.754045272715540615e-02 6.844280280524260573e-02 7.008773784026910147e-02 7.700801238294958939e-02 4.641515975754133966e-02 0.000000000000000000e+00 3.472548783237269093e-02 4.377101123367137248e-02 4.531317710082800876e-02 3.446711036582970206e-02 0.000000000000000000e+00 4.438385484917362067e-02 0.000000000000000000e+00 0.000000000000000000e+00 3.679704378319730712e-02 3.306685276071030105e-02 6.783081274979942121e-02 6.629079022997109993e-02 7.980358034002241197e-02 8.952674147116670977e-02 7.746742571552640844e-02
5.173181981558323123e-02 0.000000000000000000e+00 0.000000000000000000e+00 0.000000000000000000e+00 0.000000000000000000e+00 0.000000000000000000e+00 0.000000000000000000e+00 -0.000000000000000000e+00 5.653794421086881516e-02 6.796316240202596171e-02 8.150941523503529851e-02 6.200507078750944201e-02 5.360278363703018661e-02 5.305108374838054391e-02 5.696466033583046790e-02 3.107800234144540014e-02 3.430189565503444227e-02 2.990289193981269036e-02 3.201288539004853301e-02 0.000000000000000000e+00 0.000000000000000000e+00 0.000000000000000000e+00 2.837348770715751936e-02 0.000000000000000000e+00 0.000000000000000000e+00 3.824284847145659194e-02 0.000000000000000000e+00 6.939225820632934083e-02 5.588194888666959265e-02 6.558760129908994263e-02 7.246451606051160232e-02 6.253308538287896678e-02
2.989107012218832765e-02 0.000000000000000000e+00 -0.000000000000000000e+00 0.000000000000000000e+00 0.000000000000000000e+00 0.000000000000000000e+00 -0.000000000000000000e+00 0.000000000000000000e+00 6.527096617351607621e-02 6.783793238338879650e-02 6.798716177969896246e-02 3.946595688898775489e-02 3.598328050402974793e-02 4.606697219146307920e-02 3.234404671565190015e-02 2.409073137764587008e-02 0.000000000000000000e+00 0.000000000000000000e+00 0.000000000000000000e+00 0.000000000000000000e+00 0.000000000000000000e+00 0.000000000000000000e+00 0.000000000000000000e+00 0.000000000000000000e+00 0.000000000000000000e+00 0.000000000000000000e+00 0.000000000000000000e+00 4.215876839712801721e-02 2.791248125811116726e-02 4.171756419727588178e-02 4.892712815010409610e-02 4.560063870755215465e-02
5.917424624454545312e-02 7.802049290323524733e-02 6.861066914487062851e-02 8.793840574920307185e-02 8.253990944367844973e-02 6.386921858376920502e-02 5.653794421086881516e-02 6.527096617351607621e-02 0.000000000000000000e+00 1.002516658153193574e-01 1.039512164992054816e-01 9.201506068366326063e-02 9.632921466318018766e-02 9.826988017947084486e-02 9.101019262935763909e-02 7.260191636907946389e-02 0.000000000000000000e+00 4.777138933878284643e-02 5.139723984222005493e-02 3.427752013610577825e-02 0.000000000000000000e+00 3.646108925121466920e-02 6.289883511810581695e-02 5.888929264314634454e-02 3.138752767826576834e-02 5.549896072777837919e-02 6.454992008418264371e-02 8.002299694331034552e-02 8.043208272933718983e-02 1.088276645137341292e-01 1.295485987838325137e-01 9.316849311876783390e-02
8.029731594406665229e-02 9.081124539711235566e-02 7.181706650378079371e-02 9.205404966260831434e-02 8.593888362525929636e-02 7.555145083526461358e-02 6.796316240202596171e-02 6.783793238338879650e-02 1.002516658153193574e-01 0.000000000000000000e+00 1.234991840717973854e-01 1.130448936853038072e-01 1.145257844552885484e-01 1.154981218136152399e-01 1.101616786740419185e-01 7.740553688326624882e-02 5.961475610974051320e-02 6.916398371316870297e-02 6.010338539798874141e-02 4.739483414437348913e-02 4.892697513212326821e-02 0.000000000000000000e+00 6.717454552334312101e-02 5.832054959774658071e-02 5.861177641200546184e-02 1.004195573787838303e-01 7.946506810860218262e-02 1.118490240833027449e-01 1.122074926040192988e-01 1.344660637534325354e-01 1.498323778453957700e-01 1.161818461496471472e-01
1.013505895860822154e-01 9.793699505500641500e-02 7.663542184463047191e-02 9.446565291140994469e-02 9.704752333594826585e-02 8.864366843210268188e-02 8.150941523503529851e-02 6.798716177969896246e-02 1.039512164992054816e-01 1.234991840717973854e-01 0.000000000000000000e+00 1.315072265560628395e-01 1.356793626028272304e-01 1.318538927341643130e-01 1.310223340222021471e-01 9.038061637683374172e-02 6.600492460932125272e-02 6.871833057771502273e-02 6.424466733470583779e-02 5.325662537811470115e-02 5.855735485934945167e-02 5.205327858069762337e-02 8.006830085890320747e-02 6.779921684254586189e-02 6.446604309969579394e-02 1.105655084599555249e-01 8.341606222383134150e-02 1.145939466266702733e-01 1.171147632439052122e-01 1.453906660229338788e-01 1.696464090792836055e-01 1.415714976171448813e-01
8.064906999476090244e-02 9.029565190717307732e-02 6.907007793557780329e-02 8.357940679800576755e-02 8.383559115879912760e-02 6.754045272715540615e-02 6.200507078750944201e-02 3.946595688898775489e-02 9.201506068366326063e-02 1.130448936853038072e-01 1.315072265560628395e-01 0.000000000000000000e+00 1.233980708823246564e-01 1.205640790781984939e-01 1.192685839150086913e-01 7.013859767455750405e-02 0.000000000000000000e+00 6.352488149540568008e-02 5.806825031559805644e-02 0.000000000000000000e+00 4.560640175116857653e-02 0.000000000000000000e+00 6.407917156109416146e-02 5.257611503058082225e-02 5.815191321203059399e-02 1.029563482262373653e-01 9.148982345479825251e-02 1.166459090745278065e-01 1.224552722972388902e-01 1.501204264795104326e-01 1.650642731419712517e-01 1.390722647628292452e-01
8.801481135014148360e-02 9.406908051275558735e-02 6.781564580999722980e-02 8.556576030626122931e-02 8.047546429516379274e-02 6.844280280524260573e-02 5.360278363703018661e-02 3.598328050402974793e-02 9.632921466318018766e-02 1.145257844552885484e-01 1.356793626028272304e-01 1.233980708823246564e-01 0.000000000000000000e+00 1.268230555393023706e-01 1.342592578797303371e-01 8.827810684219476733e-02 4.859794254497688815e-02 6.856307409811461528e-02 5.093656390133278339e-02 3.632829640716334768e-02 4.533050012642930032e-02 4.130364810793485386e-02 6.385023537343667566e-02 5.722786355726480062e-02 5.326358858026737642e-02 1.135724874023952835e-01 9.458068227820527751e-02 1.217808944694250273e-01 1.318560767887294038e-01 1.546481230033457110e-01 1.728364046966516521e-01 1.410835931030893498e-01
7.704134897663862669e-02 7.084230039432745651e-02 5.623355819770214925e-02 6.833979758236757851e-02 7.183243360273673661e-02 7.008773784026910147e-02 5.305108374838054391e-02 4.606697219146307920e-02 9.826988017947084486e-02 1.154981218136152399e-01 1.318538927341643130e-01 1.205640790781984939e-01 1.268230555393023706e-01 0.000000000000000000e+00 1.170409605669179565e-01 7.859355497275054281e-02 3.965960114551618509e-02 6.734617464925174435e-02 5.305376531886304980e-02 4.347443280761173479e-02 3.879533365875846573e-02 0.000000000000000000e+00 5.848247301787169034e-02 4.251810419652558154e-02 5.452006347365817573e-02 1.080477864156039053e-01 9.624839555319235351e-02 1.216691261824661835e-01 1.289992164886160364e-01 1.529398738428488780e-01 1.653695319345911963e-01 1.275839880533320980e-01
9.606046332753100103e-02 8.696828233883610593e-02 7.085060226042154408e-02 7.900033747024698405e-02 8.533486391457673070e-02 7.700801238294958939e-02 5.696466033583046790e-02 3.234404671565190015e-02 9.101019262935763909e-02 1.101616786740419185e-01 1.310223340222021471e-01 1.192685839150086913e-01 1.342592578797303371e-01 1.170409605669179565e-01 0.000000000000000000e+00 9.089223555325992576e-02 4.621025043222132950e-02 6.192583152527972312e-02 5.662355565293118037e-02 5.134135351375786194e-02 5.153057404167942640e-02 5.496090997420408075e-02 7.400798418575905979e-02 6.455959327929758351e-02 5.545630186718616961e-02 9.797326414311477438e-02 8.617123802288230439e-02 1.276201545471847831e-01 1.326020691888059322e-01 1.420158417964454134e-01 1.566378309595576612e-01 1.208457877258606733e-01
6.023748419015833439e-02 5.715714097071061817e-02 4.439141287351659054e-02 4.593887445835224265e-02 5.112263817668201427e-02 4.641515975754133966e-02 3.107800234144540014e-02 2.409073137764587008e-02 7.260191636907946389e-02 7.740553688326624882e-02 9.038061637683374172e-02 7.013859767455750405e-02 8.827810684219476733e-02 7.859355497275054281e-02 9.089223555325992576e-02 0.000000000000000000e+00 3.251387044439564555e-02 0.000000000000000000e+00 4.068678594619098976e-02 3.524143030018474232e-02 3.464754054737577416e-02 0.000000000000000000e+00 5.506615318769932793e-02 5.696406677401032875e-02 0.000000000000000000e+00 7.460576138889474240e-02 5.670324533940605122e-02 8.046136560172770236e-02 8.821278316790784335e-02 8.940414813990309184e-02 1.069042464800751269e-01 7.736939288518993041e-02
0.000000000000000000e+00 0.000000000000000000e+00 0.000000000000000000e+00 0.000000000000000000e+00 0.000000000000000000e+00 0.000000000000000000e+00 3.430189565503444227e-02 0.000000000000000000e+00 0.000000000000000000e+00 5.961475610974051320e-02 6.600492460932125272e-02 0.000000000000000000e+00 4.859794254497688815e-02 3.965960114551618509e-02 4.621025043222132950e-02 3.251387044439564555e-02 0.000000000000000000e+00 3.771046760091707056e-02 3.527082416190747971e-02 3.374768626988806225e-02 0.000000000000000000e+00 0.000000000000000000e+00 0.000000000000000000e+00 0.000000000000000000e+00 0.000000000000000000e+00 0.000000000000000000e+00 2.870376076159196835e-02 0.000000000000000000e+00 0.000000000000000000e+00 0.000000000000000000e+00 0.000000000000000000e+00 0.000000000000000000e+00
4.194545813679239482e-02 4.333282878295333096e-02 4.240351124048133413e-02 4.188090982906285398e-02 3.961949804474934611e-02 3.472548783237269093e-02 2.990289193981269036e-02 0.000000000000000000e+00 4.777138933878284643e-02 6.916398371316870297e-02 6.871833057771502273e-02 6.352488149540568008e-02 6.856307409811461528e-02 6.734617464925174435e-02 6.192583152527972312e-02 0.000000000000000000e+00 3.771046760091707056e-02 0.000000000000000000e+00 5.375239239527588447e-02 3.533345910281635027e-02 0.000000000000000000e+00 0.000000000000000000e+00 3.865635657485957249e-02 0.000000000000000000e+00 0.000000000000000000e+00 0.000000000000000000e+00 5.323596034331033039e-02 6.098144483375405461e-02 4.991471679100289993e-02 6.201480264210412763e-02 4.617904779084634065e-02 0.000000000000000000e+00
3.859402105676383588e-02 0.000000000000000000e+00 0.000000000000000000e+00 0.000000000000000000e+00 0.000000000000000000e+00 4.377101123367137248e-02 3.201288539004853301e-02 0.000000000000000000e+00 5.139723984222005493e-02 6.010338539798874141e-02 6.424466733470583779e-02 5.806825031559805644e-02 5.093656390133278339e-02 5.305376531886304980e-02 5.662355565293118037e-02 4.068678594619098976e-02 3.527082416190747971e-02 5.375239239527588447e-02 0.000000000000000000e+00 0.000000000000000000e+00 0.000000000000000000e+00 0.000000000000000000e+00 5.061382937293896350e-02 0.000000000000000000e+00 0.000000000000000000e+00 0.000000000000000000e+00 3.922346994996330632e-02 0.000000000000000000e+00 0.000000000000000000e+00 5.770493767733969603e-02 5.022674394898136996e-02 4.083145596780327069e-02
3.556681340578592837e-02 4.198044441158346046e-02 4.703285540408670001e-02 5.382695702444464242e-02 4.791393631182652713e-02 4.531317710082800876e-02 0.000000000000000000e+00 0.000000000000000000e+00 3.427752013610577825e-02 4.739483414437348913e-02 5.325662537811470115e-02 0.000000000000000000e+00 3.632829640716334768e-02 4.347443280761173479e-02 5.134135351375786194e-02 3.524143030018474232e-02 3.374768626988806225e-02 3.533345910281635027e-02 0.000000000000000000e+00 0.000000000000000000e+00 0.000000000000000000e+00 0.000000000000000000e+00 5.910571084832359073e-02 0.000000000000000000e+00 0.000000000000000000e+00 -0.000000000000000000e+00 0.000000000000000000e+00 0.000000000000000000e+00 0.000000000000000000e+00 4.141655133549279610e-02 3.055154452338101553e-02 0.000000000000000000e+00
3.109058001163826288e-02 0.000000000000000000e+00 0.000000000000000000e+00 0.000000000000000000e+00 0.000000000000000000e+00 3.446711036582970206e-02 0.000000000000000000e+00 0.000000000000000000e+00 0.000000000000000000e+00 4.892697513212326821e-02 5.855735485934945167e-02 4.560640175116857653e-02 4.533050012642930032e-02 3.879533365875846573e-02 5.153057404167942640e-02 3.464754054737577416e-02 0.000000000000000000e+00 0.000000000000000000e+00 0.000000000000000000e+00 0.000000000000000000e+00 0.000000000000000000e+00 0.000000000000000000e+00 4.850092082659924336e-02 0.000000000000000000e+00 0.000000000000000000e+00 -0.000000000000000000e+00 0.000000000000000000e+00 3.632198216331418428e-02 4.049020193552317626e-02 5.612932915966682701e-02 5.931731022935884945e-02 5.425690943417540296e-02
3.446210389722569045e-02 0.000000000000000000e+00 0.000000000000000000e+00 0.000000000000000000e+00 0.000000000000000000e+00 0.000000000000000000e+00 0.000000000000000000e+00 0.000000000000000000e+00 3.646108925121466920e-02 0.000000000000000000e+00 5.205327858069762337e-02 0.000000000000000000e+00 4.130364810793485386e-02 0.000000000000000000e+00 5.496090997420408075e-02 0.000000000000000000e+00 0.000000000000000000e+00 0.000000000000000000e+00 0.000000000000000000e+00 0.000000000000000000e+00 0.000000000000000000e+00 0.000000000000000000e+00 4.245565469321521679e-02 0.000000000000000000e+00 0.000000000000000000e+00 -0.000000000000000000e+00 0.000000000000000000e+00 0.000000000000000000e+00 4.082555165369985972e-02 6.155266530778471384e-02 5.990613722852165812e-02 5.780243998203962730e-02
3.697901885106145980e-02 0.000000000000000000e+00 0.000000000000000000e+00 0.000000000000000000e+00 0.000000000000000000e+00 4.438385484917362067e-02 2.837348770715751936e-02 0.000000000000000000e+00 6.289883511810581695e-02 6.717454552334312101e-02 8.006830085890320747e-02 6.407917156109416146e-02 6.385023537343667566e-02 5.848247301787169034e-02 7.400798418575905979e-02 5.506615318769932793e-02 0.000000000000000000e+00 3.865635657485957249e-02 5.061382937293896350e-02 5.910571084832359073e-02 4.850092082659924336e-02 4.245565469321521679e-02 0.000000000000000000e+00 0.000000000000000000e+00 0.000000000000000000e+00 0.000000000000000000e+00 0.000000000000000000e+00 0.000000000000000000e+00 4.590247282604380252e-02 6.702354553843609120e-02 6.862585687372960153e-02 5.069613226615216073e-02
0.000000000000000000e+00 0.000000000000000000e+00 0.000000000000000000e+00 0.000000000000000000e+00 0.000000000000000000e+00 0.000000000000000000e+00 0.000000000000000000e+00 0.000000000000000000e+00 5.888929264314634454e-02 5.832054959774658071e-02 6.779921684254586189e-02 5.257611503058082225e-02 5.722786355726480062e-02 4.251810419652558154e-02 6.455959327929758351e-02 5.696406677401032875e-02 0.000000000000000000e+00 0.000000000000000000e+00 0.000000000000000000e+00 0.000000000000000000e+00 0.000000000000000000e+00 0.000000000000000000e+00 0.000000000000000000e+00 0.000000000000000000e+00 0.000000000000000000e+00 0.000000000000000000e+00 0.000000000000000000e+00 5.088299686509104025e-02 5.354054727933811597e-02 7.698721699994177936e-02 7.979845634557504452e-02 5.997290405014321646e-02
4.095747503438692400e-02 0.000000000000000000e+00 0.000000000000000000e+00 0.000000000000000000e+00 0.000000000000000000e+00 0.000000000000000000e+00 0.000000000000000000e+00 0.000000000000000000e+00 3.138752767826576834e-02 5.861177641200546184e-02 6.446604309969579394e-02 5.815191321203059399e-02 5.326358858026737642e-02 5.452006347365817573e-02 5.545630186718616961e-02 0.000000000000000000e+00 0.000000000000000000e+00 0.000000000000000000e+00 0.000000000000000000e+00 0.000000000000000000e+00 0.000000000000000000e+00 0.000000000000000000e+00 0.000000000000000000e+00 0.000000000000000000e+00 0.000000000000000000e+00 6.496226897366498554e-02 4.932770265841480983e-02 8.687466027127817292e-02 7.897118614583370499e-02 9.419755257191415876e-02 8.480151172856718877e-02 6.287534537651544297e-02
4.586945456051208514e-02 6.009765386568772377e-02 5.797720236439000280e-02 5.353106692390378896e-02 4.278703553462222947e-02 3.679704378319730712e-02 3.824284847145659194e-02 0.000000000000000000e+00 5.549896072777837919e-02 1.004195573787838303e-01 1.105655084599555249e-01 1.029563482262373653e-01 1.135724874023952835e-01 1.080477864156039053e-01 9.797326414311477438e-02 7.460576138889474240e-02 0.000000000000000000e+00 0.000000000000000000e+00 0.000000000000000000e+00 -0.000000000000000000e+00 -0.000000000000000000e+00 -0.000000000000000000e+00 0.000000000000000000e+00 0.000000000000000000e+00 6.496226897366498554e-02 0.000000000000000000e+00 8.624921302809995804e-02 1.306712189711585481e-01 1.267220358985175210e-01 1.421591905220479235e-01 1.428476479363078866e-01 1.261125248668118481e-01
5.707415569237464514e-02 6.389622136704459221e-02 6.999522678762011563e-02 5.341473035662181595e-02 4.525395193714605580e-02 3.306685276071030105e-02 0.000000000000000000e+00 0.000000000000000000e+00 6.454992008418264371e-02 7.946506810860218262e-02 8.341606222383134150e-02 9.148982345479825251e-02 9.458068227820527751e-02 9.624839555319235351e-02 8.617123802288230439e-02 5.670324533940605122e-02 2.870376076159196835e-02 5.323596034331033039e-02 3.922346994996330632e-02 0.000000000000000000e+00 0.000000000000000000e+00 0.000000000000000000e+00 0.000000000000000000e+00 0.000000000000000000e+00 4.932770265841480983e-02 8.624921302809995804e-02 0.000000000000000000e+00 1.578514854605420625e-01 1.409918828977798633e-01 1.783924068598951862e-01 1.759026573205620392e-01 1.588731850829022685e-01
8.013160453035475528e-02 8.312024517549665426e-02 1.007249276655868830e-01 7.987182080729368638e-02 7.305323750646341985e-02 6.783081274979942121e-02 6.939225820632934083e-02 4.215876839712801721e-02 8.002299694331034552e-02 1.118490240833027449e-01 1.145939466266702733e-01 1.166459090745278065e-01 1.217808944694250273e-01 1.216691261824661835e-01 1.276201545471847831e-01 8.046136560172770236e-02 0.000000000000000000e+00 6.098144483375405461e-02 0.000000000000000000e+00 0.000000000000000000e+00 3.632198216331418428e-02 0.000000000000000000e+00 0.000000000000000000e+00 5.088299686509104025e-02 8.687466027127817292e-02 1.306712189711585481e-01 1.578514854605420625e-01 0.000000000000000000e+00 2.052517252761996980e-01 2.348104920640390336e-01 2.362401781964010294e-01 2.209886503154487314e-01
8.511349057036650401e-02 7.669232499685744997e-02 9.065719314700196318e-02 7.139638824346426771e-02 6.658068222223138821e-02 6.629079022997109993e-02 5.588194888666959265e-02 2.791248125811116726e-02 8.043208272933718983e-02 1.122074926040192988e-01 1.171147632439052122e-01 1.224552722972388902e-01 1.318560767887294038e-01 1.289992164886160364e-01 1.326020691888059322e-01 8.821278316790784335e-02 0.000000000000000000e+00 4.991471679100289993e-02 0.000000000000000000e+00 0.000000000000000000e+00 4.049020193552317626e-02 4.082555165369985972e-02 4.590247282604380252e-02 5.354054727933811597e-02 7.897118614583370499e-02 1.267220358985175210e-01 1.409918828977798633e-01 2.052517252761996980e-01 0.000000000000000000e+00 2.316668410572916836e-01 2.451128162843032310e-01 2.276911085890943043e-01
8.279064506651812039e-02 9.449164286306088734e-02 1.020375981134935273e-01 9.459306653722726610e-02 8.754056825716745316e-02 7.980358034002241197e-02 6.558760129908994263e-02 4.171756419727588178e-02 1.088276645137341292e-01 1.344660637534325354e-01 1.453906660229338788e-01 1.501204264795104326e-01 1.546481230033457110e-01 1.529398738428488780e-01 1.420158417964454134e-01 8.940414813990309184e-02 0.000000000000000000e+00 6.201480264210412763e-02 5.770493767733969603e-02 4.141655133549279610e-02 5.612932915966682701e-02 6.155266530778471384e-02 6.702354553843609120e-02 7.698721699994177936e-02 9.419755257191415876e-02 1.421591905220479235e-01 1.783924068598951862e-01 2.348104920640390336e-01 2.316668410572916836e-01 0.000000000000000000e+00 2.808755721775899605e-01 2.619783235750817729e-01
9.208497129008574866e-02 8.251100177578103712e-02 9.613475545856754734e-02 8.296847421655532961e-02 8.362168728545914254e-02 8.952674147116670977e-02 7.246451606051160232e-02 4.892712815010409610e-02 1.295485987838325137e-01 1.498323778453957700e-01 1.696464090792836055e-01 1.650642731419712517e-01 1.728364046966516521e-01 1.653695319345911963e-01 1.566378309595576612e-01 1.069042464800751269e-01 0.000000000000000000e+00 4.617904779084634065e-02 5.022674394898136996e-02 3.055154452338101553e-02 5.931731022935884945e-02 5.990613722852165812e-02 6.862585687372960153e-02 7.979845634557504452e-02 8.480151172856718877e-02 1.428476479363078866e-01 1.759026573205620392e-01 2.362401781964010294e-01 2.451128162843032310e-01 2.808755721775899605e-01 0.000000000000000000e+00 2.920864716022719132e-01
8.215355202167937132e-02 8.590812415592838369e-02 8.337937102017983770e-02 7.493874662053068292e-02 9.144411993072194822e-02 7.746742571552640844e-02 6.253308538287896678e-02 4.560063870755215465e-02 9.316849311876783390e-02 1.161818461496471472e-01 1.415714976171448813e-01 1.390722647628292452e-01 1.410835931030893498e-01 1.275839880533320980e-01 1.208457877258606733e-01 7.736939288518993041e-02 0.000000000000000000e+00 0.000000000000000000e+00 4.083145596780327069e-02 0.000000000000000000e+00 5.425690943417540296e-02 5.780243998203962730e-02 5.069613226615216073e-02 5.997290405014321646e-02 6.287534537651544297e-02 1.261125248668118481e-01 1.588731850829022685e-01 2.209886503154487314e-01 2.276911085890943043e-01 2.619783235750817729e-01 2.920864716022719132e-01 0.000000000000000000e+00
