0.000000000000000000e+00 3.937530618108889158e+00 5.408611769103325528e+00 6.024374847433090707e+00 6.905853274075250958e+00 4.501729876948139975e+00
3.937530618108889158e+00 0.000000000000000000e+00 6.372775719777648007e+00 6.296767568286417038e+00 8.073799542051547817e+00 7.114192402428669126e+00
5.408611769103325528e+00 6.372775719777648007e+00 0.000000000000000000e+00 8.252249108302407876e+00 8.429000806247435307e+00 6.969333384292611733e+00
6.024374847433090707e+00 6.296767568286417038e+00 8.252249108302407876e+00 0.000000000000000000e+00 9.814941112105282528e+00 8.200041066031257486e+00
6.905853274075250958e+00 8.073799542051547817e+00 8.429000806247435307e+00 9.814941112105282528e+00 0.000000000000000000e+00 7.776710432918648053e+00
4.501729876948139975e+00 7.114192402428669126e+00 6.969333384292611733e+00 8.200041066031257486e+00 7.776710432918648053e+00 0.000000000000000000e+00
