0.000000000000000000e+00 4.954184137612770156e-02 7.385662516939471567e-02 4.878120857548653988e-02 0.000000000000000000e+00 7.493512787195384661e-02 9.597557925288628666e-02 8.881782135862408001e-02 7.973392536179751966e-02 8.106647630689314821e-02 0.000000000000000000e+00 3.948302282502492988e-02 3.175708150575602684e-02 0.000000000000000000e+00 0.000000000000000000e+00 3.402465595325996489e-02 6.096112877742672354e-02 7.666166769286208993e-02 7.258106571463723844e-02 7.362347592406069674e-02
4.954184137612770156e-02 0.000000000000000000e+00 5.047169483100406168e-02 0.000000000000000000e+00 -0.000000000000000000e+00 8.535075215496011614e-02 8.930053825515557597e-02 8.236183554032715237e-02 6.507286549144926380e-02 7.613494353725679120e-02 0.000000000000000000e+00 0.000000000000000000e+00 0.000000000000000000e+00 0.000000000000000000e+00 0.000000000000000000e+00 0.000000000000000000e+00 7.300329605410563194e-02 8.886487212834895399e-02 1.028116023554758174e-01 8.832822545138006853e-02
7.385662516939471567e-02 5.047169483100406168e-02 0.000000000000000000e+00 0.000000000000000000e+00 0.000000000000000000e+00 8.641748721050679372e-02 9.759674063862169846e-02 8.831806043692284891e-02 8.183158459437760157e-02 8.401970412623871454e-02 0.000000000000000000e+00 0.000000000000000000e+00 0.000000000000000000e+00 0.000000000000000000e+00 0.000000000000000000e+00 3.369683059135443470e-02 5.815464474034212627e-02 7.201918526838504975e-02 8.368248515015408451e-02 7.530814392482623743e-02
4.878120857548653988e-02 0.000000000000000000e+00 0.000000000000000000e+00 0.000000000000000000e+00 0.000000000000000000e+00 7.365486515119756827e-02 8.512104767545093653e-02 7.124472164333429947e-02 6.458000349560577558e-02 5.825737801684841011e-02 0.000000000000000000e+00 3.223163368607202817e-02 0.000000000000000000e+00 2.599652404980625289e-02 0.000000000000000000e+00 0.000000000000000000e+00 4.650336441536220139e-02 6.941378528698044503e-02 8.395234007396709663e-02 8.412423104804236940e-02
0.000000000000000000e+00 -0.000000000000000000e+00 0.000000000000000000e+00 0.000000000000000000e+00 0.000000000000000000e+00 6.033570247523956792e-02 6.785154959371429706e-02 4.284022421586239360e-02 3.885724267253137104e-02 3.180006327103757080e-02 2.314862255636559660e-02 2.532530900917244823e-02 0.000000000000000000e+00 0.000000000000000000e+00 0.000000000000000000e+00 3.075462535151246568e-02 0.000000000000000000e+00 5.202602618847492616e-02 5.614341154006372014e-02 5.839238815482476752e-02
7.493512787195384661e-02 8.535075215496011614e-02 8.641748721050679372e-02 7.365486515119756827e-02 6.033570247523956792e-02 0.000000000000000000e+00 1.107236928293412193e-01 1.098119280426066435e-01 1.079706658197609748e-01 9.775903211458435160e-02 4.688991012200175584e-02 4.703964235214457001e-02 0.000000000000000000e+00 5.071080807396901452e-02 6.649665237257799955e-02 3.749343833428610273e-02 6.420480086278809728e-02 8.540801267276032505e-02 1.155652730073904455e-01 1.166944517619202537e-01
9.597557925288628666e-02 8.930053825515557597e-02 9.759674063862169846e-02 8.512104767545093653e-02 6.785154959371429706e-02 1.107236928293412193e-01 0.000000000000000000e+00 1.456176511631153137e-01 1.397928813932987346e-01 1.169080726792067620e-01 6.595577413076079976e-02 6.270735819451232762e-02 5.617982556545360329e-02 6.538850974548025830e-02 7.559243767866993813e-02 7.184318418866381117e-02 9.156475557855360548e-02 1.181522941262993370e-01 1.455434313447495631e-01 1.558713398870947842e-01
8.881782135862408001e-02 8.236183554032715237e-02 8.831806043692284891e-02 7.124472164333429947e-02 4.284022421586239360e-02 1.098119280426066435e-01 1.456176511631153137e-01 0.000000000000000000e+00 1.433721071714379180e-01 1.224998704331663607e-01 5.093371323035911918e-02 5.033072305374768768e-02 4.119060201104522007e-02 5.539865105833964576e-02 6.428752141960018818e-02 7.047829951455469866e-02 1.072904218474301369e-01 1.287935680686945750e-01 1.561554244515702405e-01 1.579331058364012441e-01
7.973392536179751966e-02 6.507286549144926380e-02 8.183158459437760157e-02 6.458000349560577558e-02 3.885724267253137104e-02 1.079706658197609748e-01 1.397928813932987346e-01 1.433721071714379180e-01 0.000000000000000000e+00 1.188104080146770852e-01 5.031260484356650520e-02 6.144702930951734254e-02 5.059107320704549215e-02 6.047215372052281573e-02 6.143258154900974044e-02 7.073509830031665668e-02 1.045383188258240670e-01 1.287662280154295014e-01 1.511062573722928848e-01 1.366073615903515559e-01
8.106647630689314821e-02 7.613494353725679120e-02 8.401970412623871454e-02 5.825737801684841011e-02 3.180006327103757080e-02 9.775903211458435160e-02 1.169080726792067620e-01 1.224998704331663607e-01 1.188104080146770852e-01 0.000000000000000000e+00 3.964222589536373076e-02 5.145467033039471255e-02 4.655458437359722562e-02 6.306870426788543926e-02 7.580821235876979147e-02 5.079769589432629046e-02 8.189473050344137084e-02 1.086202573827480256e-01 1.236483097523127656e-01 1.174425924803877974e-01
0.000000000000000000e+00 0.000000000000000000e+00 0.000000000000000000e+00 0.000000000000000000e+00 2.314862255636559660e-02 4.688991012200175584e-02 6.595577413076079976e-02 5.093371323035911918e-02 5.031260484356650520e-02 3.964222589536373076e-02 0.000000000000000000e+00 3.901840806070121237e-02 0.000000000000000000e+00 0.000000000000000000e+00 0.000000000000000000e+00 0.000000000000000000e+00 3.526852673430382751e-02 0.000000000000000000e+00 0.000000000000000000e+00 0.000000000000000000e+00
3.948302282502492988e-02 0.000000000000000000e+00 0.000000000000000000e+00 3.223163368607202817e-02 2.532530900917244823e-02 4.703964235214457001e-02 6.270735819451232762e-02 5.033072305374768768e-02 6.144702930951734254e-02 5.145467033039471255e-02 3.901840806070121237e-02 0.000000000000000000e+00 3.580670380153667953e-02 4.148158178042722632e-02 3.803263411646239101e-02 0.000000000000000000e+00 0.000000000000000000e+00 0.000000000000000000e+00 4.249788569520589199e-02 0.000000000000000000e+00
3.175708150575602684e-02 0.000000000000000000e+00 0.000000000000000000e+00 0.000000000000000000e+00 0.000000000000000000e+00 0.000000000000000000e+00 5.617982556545360329e-02 4.119060201104522007e-02 5.059107320704549215e-02 4.655458437359722562e-02 0.000000000000000000e+00 3.580670380153667953e-02 0.000000000000000000e+00 3.447191586926103002e-02 0.000000000000000000e+00 -0.000000000000000000e+00 0.000000000000000000e+00 0.000000000000000000e+00 3.877233319259126842e-02 3.460144200563831235e-02
0.000000000000000000e+00 0.000000000000000000e+00 0.000000000000000000e+00 2.599652404980625289e-02 0.000000000000000000e+00 5.071080807396901452e-02 6.538850974548025830e-02 5.539865105833964576e-02 6.047215372052281573e-02 6.306870426788543926e-02 0.000000000000000000e+00 4.148158178042722632e-02 3.447191586926103002e-02 0.000000000000000000e+00 0.000000000000000000e+00 -0.000000000000000000e+00 0.000000000000000000e+00 4.098457866768196595e-02 5.905458755897796674e-02 5.885347757074600727e-02
0.000000000000000000e+00 0.000000000000000000e+00 0.000000000000000000e+00 0.000000000000000000e+00 0.000000000000000000e+00 6.649665237257799955e-02 7.559243767866993813e-02 6.428752141960018818e-02 6.143258154900974044e-02 7.580821235876979147e-02 0.000000000000000000e+00 3.803263411646239101e-02 0.000000000000000000e+00 0.000000000000000000e+00 0.000000000000000000e+00 -0.000000000000000000e+00 0.000000000000000000e+00 4.906089641451152200e-02 6.486991903343729271e-02 5.569137538351361799e-02
3.402465595325996489e-02 0.000000000000000000e+00 3.369683059135443470e-02 0.000000000000000000e+00 3.075462535151246568e-02 3.749343833428610273e-02 7.184318418866381117e-02 7.047829951455469866e-02 7.073509830031665668e-02 5.079769589432629046e-02 0.000000000000000000e+00 0.000000000000000000e+00 -0.000000000000000000e+00 -0.000000000000000000e+00 -0.000000000000000000e+00 0.000000000000000000e+00 7.740450279627165975e-02 1.005102521357826573e-01 1.135926396479104844e-01 9.307529726941214665e-02
6.096112877742672354e-02 7.300329605410563194e-02 5.815464474034212627e-02 4.650336441536220139e-02 0.000000000000000000e+00 6.420480086278809728e-02 9.156475557855360548e-02 1.072904218474301369e-01 1.045383188258240670e-01 8.189473050344137084e-02 3.526852673430382751e-02 0.000000000000000000e+00 0.000000000000000000e+00 0.000000000000000000e+00 0.000000000000000000e+00 7.740450279627165975e-02 0.000000000000000000e+00 1.604249638411054946e-01 1.857586404916615752e-01 1.830415725647172032e-01
7.666166769286208993e-02 8.886487212834895399e-02 7.201918526838504975e-02 6.941378528698044503e-02 5.202602618847492616e-02 8.540801267276032505e-02 1.181522941262993370e-01 1.287935680686945750e-01 1.287662280154295014e-01 1.086202573827480256e-01 0.000000000000000000e+00 0.000000000000000000e+00 0.000000000000000000e+00 4.098457866768196595e-02 4.906089641451152200e-02 1.005102521357826573e-01 1.604249638411054946e-01 0.000000000000000000e+00 2.529639341586841228e-01 2.528113168215405659e-01
7.258106571463723844e-02 1.028116023554758174e-01 8.368248515015408451e-02 8.395234007396709663e-02 5.614341154006372014e-02 1.155652730073904455e-01 1.455434313447495631e-01 1.561554244515702405e-01 1.511062573722928848e-01 1.236483097523127656e-01 0.000000000000000000e+00 4.249788569520589199e-02 3.877233319259126842e-02 5.905458755897796674e-02 6.486991903343729271e-02 1.135926396479104844e-01 1.857586404916615752e-01 2.529639341586841228e-01 0.000000000000000000e+00 2.914714384168870520e-01
7.362347592406069674e-02 8.832822545138006853e-02 7.530814392482623743e-02 8.412423104804236940e-02 5.839238815482476752e-02 1.166944517619202537e-01 1.558713398870947842e-01 1.579331058364012441e-01 1.366073615903515559e-01 1.174425924803877974e-01 0.000000000000000000e+00 0.000000000000000000e+00 3.460144200563831235e-02 5.885347757074600727e-02 5.569137538351361799e-02 9.307529726941214665e-02 1.830415725647172032e-01 2.528113168215405659e-01 2.914714384168870520e-01 0.000000000000000000e+00
