0.000000000000000000e+00 6.355198996412583790e-02 0.000000000000000000e+00 9.682065726695711361e-02 9.555737401616280768e-02 9.055254826469637253e-02 3.814577996106562757e-02 3.243677452692201452e-02 0.000000000000000000e+00 5.729192842467387831e-02 9.677420973358759337e-02 9.303544797124677079e-02
6.355198996412583790e-02 0.000000000000000000e+00 0.000000000000000000e+00 9.819597242425476269e-02 9.125442108337830649e-02 8.914993819113686824e-02 0.000000000000000000e+00 0.000000000000000000e+00 0.000000000000000000e+00 4.809506934492563390e-02 8.006617519984185471e-02 8.834654736706368250e-02
0.000000000000000000e+00 0.000000000000000000e+00 0.000000000000000000e+00 7.631686089207594115e-02 5.628326594583159259e-02 5.435044698987257644e-02 2.988197937235148594e-02 0.000000000000000000e+00 2.893710678024466465e-02 3.211563563163301327e-02 7.306216711811903963e-02 7.942735784777867070e-02
9.682065726695711361e-02 9.819597242425476269e-02 7.631686089207594115e-02 0.000000000000000000e+00 1.285284191733279124e-01 1.261549243295110589e-01 6.349265909355346349e-02 4.906472464542423195e-02 7.343586047880466816e-02 7.222025443033326664e-02 1.090207569553858780e-01 1.411609330987494970e-01
9.555737401616280768e-02 9.125442108337830649e-02 5.628326594583159259e-02 1.285284191733279124e-01 0.000000000000000000e+00 1.449269033528950978e-01 6.543529907480256924e-02 4.628836669534219100e-02 7.002439343334809774e-02 9.628362985380073402e-02 1.378695680480010732e-01 1.654644285268893067e-01
9.055254826469637253e-02 8.914993819113686824e-02 5.435044698987257644e-02 1.261549243295110589e-01 1.449269033528950978e-01 0.000000000000000000e+00 6.595206405667917993e-02 5.348105428346414114e-02 7.695042922618210157e-02 9.165380126944716599e-02 1.346331879756101635e-01 1.471610086120999084e-01
3.814577996106562757e-02 0.000000000000000000e+00 2.988197937235148594e-02 6.349265909355346349e-02 6.543529907480256924e-02 6.595206405667917993e-02 0.000000000000000000e+00 3.854220094399616464e-02 3.562005946098528025e-02 0.000000000000000000e+00 4.421085895859255821e-02 0.000000000000000000e+00
3.243677452692201452e-02 0.000000000000000000e+00 0.000000000000000000e+00 4.906472464542423195e-02 4.628836669534219100e-02 5.348105428346414114e-02 3.854220094399616464e-02 0.000000000000000000e+00 4.166057010835132191e-02 -0.000000000000000000e+00 3.540616733014714801e-02 4.131416002443895341e-02
0.000000000000000000e+00 0.000000000000000000e+00 2.893710678024466465e-02 7.343586047880466816e-02 7.002439343334809774e-02 7.695042922618210157e-02 3.562005946098528025e-02 4.166057010835132191e-02 0.000000000000000000e+00 0.000000000000000000e+00 5.465871238282837830e-02 7.057348196564997012e-02
5.729192842467387831e-02 4.809506934492563390e-02 3.211563563163301327e-02 7.222025443033326664e-02 9.628362985380073402e-02 9.165380126944716599e-02 0.000000000000000000e+00 -0.000000000000000000e+00 0.000000000000000000e+00 0.000000000000000000e+00 1.370819331148901143e-01 1.574884787293992783e-01
9.677420973358759337e-02 8.006617519984185471e-02 7.306216711811903963e-02 1.090207569553858780e-01 1.378695680480010732e-01 1.346331879756101635e-01 4.421085895859255821e-02 3.540616733014714801e-02 5.465871238282837830e-02 1.370819331148901143e-01 0.000000000000000000e+00 2.741883228659859340e-01
9.303544797124677079e-02 8.834654736706368250e-02 7.942735784777867070e-02 1.411609330987494970e-01 1.654644285268893067e-01 1.471610086120999084e-01 0.000000000000000000e+00 4.131416002443895341e-02 7.057348196564997012e-02 1.574884787293992783e-01 2.741883228659859340e-01 0.000000000000000000e+00
