0.000000000000000000e+00 3.293166685099435664e+00 3.530556733249186063e+00 4.029954936433643553e+00 5.112434680253710617e+00 3.807777941759129536e+00
3.293166685099435664e+00 0.000000000000000000e+00 5.266282353496268165e+00 5.732547775118550071e+00 7.561563358839240578e+00 6.598194886017778593e+00
3.530556733249186063e+00 5.266282353496268165e+00 0.000000000000000000e+00 7.678301814151506477e+00 7.993427504683832119e+00 7.120973172500145942e+00
4.029954936433643553e+00 5.732547775118550071e+00 7.678301814151506477e+00 0.000000000000000000e+00 7.432758656688661425e+00 9.039568253099790951e+00
5.112434680253710617e+00 7.561563358839240578e+00 7.993427504683832119e+00 7.432758656688661425e+00 0.000000000000000000e+00 8.089544438193499332e+00
3.807777941759129536e+00 6.598194886017778593e+00 7.120973172500145942e+00 9.039568253099790951e+00 8.089544438193499332e+00 0.000000000000000000e+00
