0.000000000000000000e+00 8.019139662639696908e+00 7.607765713590771917e+00 6.768420655669963537e+00 7.246705191585880890e+00 6.864632512501900763e+00
8.019139662639696908e+00 0.000000000000000000e+00 9.328035268696860172e+00 7.369215172238380518e+00 7.483120293129183587e+00 7.639443348295019476e+00
7.607765713590771917e+00 9.328035268696860172e+00 0.000000000000000000e+00 7.669084305967184712e+00 7.578714542824573464e+00 7.116097252145463514e+00
6.768420655669963537e+00 7.369215172238380518e+00 7.669084305967184712e+00 0.000000000000000000e+00 6.915583477422177161e+00 7.428642987056552904e+00
7.246705191585880890e+00 7.483120293129183587e+00 7.578714542824573464e+00 6.915583477422177161e+00 0.000000000000000000e+00 6.572198878289770896e+00
6.864632512501900763e+00 7.639443348295019476e+00 7.116097252145463514e+00 7.428642987056552904e+00 6.572198878289770896e+00 0.000000000000000000e+00
