0.000000000000000000e+00 1.685493168205934822e+01 1.521324863856036913e+01 1.476311877677106210e+01 8.363152704686893202e+00 6.877823002377159156e+00
1.685493168205934822e+01 0.000000000000000000e+00 2.594443634653409347e+01 1.807467512730086057e+01 1.125478159423284907e+01 9.491075959816358321e+00
1.521324863856036913e+01 2.594443634653409347e+01 0.000000000000000000e+00 1.947997770949420371e+01 1.085245297715616708e+01 7.885870434031141407e+00
1.476311877677106210e+01 1.807467512730086057e+01 1.947997770949420371e+01 0.000000000000000000e+00 1.820632283065771162e+01 9.124475159039324268e+00
8.363152704686893202e+00 1.125478159423284907e+01 1.085245297715616708e+01 1.820632283065771162e+01 0.000000000000000000e+00 1.187298488231246196e+01
6.877823002377159156e+00 9.491075959816358321e+00 7.885870434031141407e+00 9.124475159039324268e+00 1.187298488231246196e+01 0.000000000000000000e+00
