0.000000000000000000e+00 1.057530299368795390e+01 8.715357910875926706e+00 6.670999351374140574e+00 4.763515385589518480e+00 4.822427677846380156e+00
1.057530299368795390e+01 0.000000000000000000e+00 1.434575817603818493e+01 1.023917746820711550e+01 1.162595214591181403e+01 7.011652684323679274e+00
8.715357910875926706e+00 1.434575817603818493e+01 0.000000000000000000e+00 1.251971938549533014e+01 1.354071485040082301e+01 1.114562012475786723e+01
6.670999351374140574e+00 1.023917746820711550e+01 1.251971938549533014e+01 0.000000000000000000e+00 3.383134996639079617e+01 1.254817227150411263e+01
4.763515385589518480e+00 1.162595214591181403e+01 1.354071485040082301e+01 3.383134996639079617e+01 0.000000000000000000e+00 1.162071786563412523e+01
4.822427677846380156e+00 7.011652684323679274e+00 1.114562012475786723e+01 1.254817227150411263e+01 1.162071786563412523e+01 0.000000000000000000e+00
