0.000000000000000000e+00 7.943318378064177787e-02 8.724419809981509566e-02 7.695960712896261768e-02 9.383159520848616264e-02 9.327278994510238008e-02 8.156873855607958690e-02 7.874235995659810416e-02 8.342443733830932906e-02
7.943318378064177787e-02 0.000000000000000000e+00 1.107349546560925102e-01 1.231806789091339782e-01 1.361861494608444523e-01 1.160333975845486282e-01 1.022959422420820219e-01 9.934326712185223562e-02 9.862137802913913120e-02
8.724419809981509566e-02 1.107349546560925102e-01 0.000000000000000000e+00 1.191110211099976196e-01 1.226706763950982521e-01 1.141322548828116040e-01 8.066687529340793583e-02 8.932853112132209394e-02 8.716899819498197255e-02
7.695960712896261768e-02 1.231806789091339782e-01 1.191110211099976196e-01 0.000000000000000000e+00 1.985147950503418079e-01 1.782314873653370602e-01 9.255015206124611593e-02 1.091919115347523284e-01 1.220572317535855156e-01
9.383159520848616264e-02 1.361861494608444523e-01 1.226706763950982521e-01 1.985147950503418079e-01 0.000000000000000000e+00 1.841191160659256809e-01 9.918908097651210620e-02 1.139535029872249666e-01 1.224704865628170325e-01
9.327278994510238008e-02 1.160333975845486282e-01 1.141322548828116040e-01 1.782314873653370602e-01 1.841191160659256809e-01 0.000000000000000000e+00 9.454422381086580174e-02 1.030237552642877114e-01 1.134929002824577038e-01
8.156873855607958690e-02 1.022959422420820219e-01 8.066687529340793583e-02 9.255015206124611593e-02 9.918908097651210620e-02 9.454422381086580174e-02 0.000000000000000000e+00 7.840714507048017479e-02 8.976434839663667564e-02
7.874235995659810416e-02 9.934326712185223562e-02 8.932853112132209394e-02 1.091919115347523284e-01 1.139535029872249666e-01 1.030237552642877114e-01 7.840714507048017479e-02 0.000000000000000000e+00 9.664653004569670469e-02
8.342443733830932906e-02 9.862137802913913120e-02 8.716899819498197255e-02 1.220572317535855156e-01 1.224704865628170325e-01 1.134929002824577038e-01 8.976434839663667564e-02 9.664653004569670469e-02 0.000000000000000000e+00
