0.000000000000000000e+00 6.355198996412583790e-02 0.000000000000000000e+00 9.682065726695711361e-02 9.555737401616280768e-02 9.055254826469637253e-02 0.000000000000000000e+00 3.243677452692201452e-02 0.000000000000000000e+00
6.355198996412583790e-02 0.000000000000000000e+00 0.000000000000000000e+00 9.819597242425476269e-02 9.125442108337830649e-02 8.914993819113686824e-02 0.000000000000000000e+00 0.000000000000000000e+00 0.000000000000000000e+00
0.000000000000000000e+00 0.000000000000000000e+00 0.000000000000000000e+00 7.631686089207594115e-02 5.628326594583159259e-02 5.435044698987257644e-02 2.988197937235148594e-02 0.000000000000000000e+00 2.893710678024466465e-02
9.682065726695711361e-02 9.819597242425476269e-02 7.631686089207594115e-02 0.000000000000000000e+00 1.285284191733279124e-01 1.261549243295110589e-01 6.349265909355346349e-02 4.906472464542423195e-02 7.343586047880466816e-02
9.555737401616280768e-02 9.125442108337830649e-02 5.628326594583159259e-02 1.285284191733279124e-01 0.000000000000000000e+00 1.449269033528950978e-01 6.543529907480256924e-02 0.000000000000000000e+00 7.002439343334809774e-02
9.055254826469637253e-02 8.914993819113686824e-02 5.435044698987257644e-02 1.261549243295110589e-01 1.449269033528950978e-01 0.000000000000000000e+00 6.595206405667917993e-02 5.348105428346414114e-02 7.695042922618210157e-02
0.000000000000000000e+00 0.000000000000000000e+00 2.988197937235148594e-02 6.349265909355346349e-02 6.543529907480256924e-02 6.595206405667917993e-02 0.000000000000000000e+00 3.854220094399616464e-02 3.562005946098528025e-02
3.243677452692201452e-02 0.000000000000000000e+00 0.000000000000000000e+00 4.906472464542423195e-02 0.000000000000000000e+00 5.348105428346414114e-02 3.854220094399616464e-02 0.000000000000000000e+00 4.166057010835132191e-02
0.000000000000000000e+00 0.000000000000000000e+00 2.893710678024466465e-02 7.343586047880466816e-02 7.002439343334809774e-02 7.695042922618210157e-02 3.562005946098528025e-02 4.166057010835132191e-02 0.000000000000000000e+00
