0.000000000000000000e+00 1.084918780485612799e-01 9.872550228051786558e-02 1.069154723888905978e-01 1.088382427290226773e-01 8.106411871738898600e-02
1.084918780485612799e-01 0.000000000000000000e+00 1.345008027214256163e-01 1.382242697638082496e-01 1.336775549835214072e-01 1.013160175466607388e-01
9.872550228051786558e-02 1.345008027214256163e-01 0.000000000000000000e+00 1.391546515115504867e-01 1.388486557944280664e-01 9.856148686796387115e-02
1.069154723888905978e-01 1.382242697638082496e-01 1.391546515115504867e-01 0.000000000000000000e+00 1.450010037508432381e-01 1.114803803517590425e-01
1.088382427290226773e-01 1.336775549835214072e-01 1.388486557944280664e-01 1.450010037508432381e-01 0.000000000000000000e+00 1.070179249320379750e-01
8.106411871738898600e-02 1.013160175466607388e-01 9.856148686796387115e-02 1.114803803517590425e-01 1.070179249320379750e-01 0.000000000000000000e+00
