0.000000000000000000e+00 5.547788542087677133e-01 3.624898630813444544e-01 2.931892267012750075e-01 2.305830330707304698e-01 1.295353810870805145e-01
5.547788542087677133e-01 0.000000000000000000e+00 7.182806932880865247e-01 5.219058248685244372e-01 4.069878605282464812e-01 2.864346180630266692e-01
3.624898630813444544e-01 7.182806932880865247e-01 0.000000000000000000e+00 8.153606021529959946e-01 5.850938015875521980e-01 4.002385922060007206e-01
2.931892267012750075e-01 5.219058248685244372e-01 8.153606021529959946e-01 0.000000000000000000e+00 7.854914965788075687e-01 4.607427079742626996e-01
2.305830330707304698e-01 4.069878605282464812e-01 5.850938015875521980e-01 7.854914965788075687e-01 0.000000000000000000e+00 7.441262509850343765e-01
1.295353810870805145e-01 2.864346180630266692e-01 4.002385922060007206e-01 4.607427079742626996e-01 7.441262509850343765e-01 0.000000000000000000e+00
