0.000000000000000000e+00 8.409009560613018852e-01 6.274211935416194041e-01 5.247146151173739392e-01 4.070244215952510958e-01 3.148342526325961233e-01
8.409009560613018852e-01 0.000000000000000000e+00 1.032974549704727796e+00 7.532935883504938701e-01 6.384975131512138358e-01 4.581471323289266762e-01
6.274211935416194041e-01 1.032974549704727796e+00 0.000000000000000000e+00 1.139844409975109052e+00 8.951093243463117410e-01 6.191627680138820367e-01
5.247146151173739392e-01 7.532935883504938701e-01 1.139844409975109052e+00 0.000000000000000000e+00 1.157285589967934403e+00 7.883849393425906849e-01
4.070244215952510958e-01 6.384975131512138358e-01 8.951093243463117410e-01 1.157285589967934403e+00 0.000000000000000000e+00 1.122837756216639171e+00
3.148342526325961233e-01 4.581471323289266762e-01 6.191627680138820367e-01 7.883849393425906849e-01 1.122837756216639171e+00 0.000000000000000000e+00
