0.000000000000000000e+00 4.895905205557421480e-02 4.366396605036912404e-02 5.533069420410145767e-02 5.025538194309811524e-02 5.445116314736125201e-02 5.524198659106200476e-02 6.753174568684540413e-02 6.637473003069638278e-02 7.605474894670780084e-02 8.822289105434803769e-02 7.157750616499355956e-02 6.292654730277678909e-02 7.075697816242595972e-02 6.368754118756866922e-02 5.858229560383943629e-02 6.005792999993629644e-02 6.308484182327785128e-02
4.895905205557421480e-02 0.000000000000000000e+00 7.789929705852498276e-02 8.585594055318510054e-02 8.685327310543482227e-02 8.888366942865696951e-02 6.996588728062744234e-02 7.456695668334224758e-02 8.689687507322313431e-02 9.329464776146975669e-02 8.882251210390872120e-02 6.847652286577711467e-02 5.956365483473886197e-02 7.160811851643866799e-02 7.691125753620461913e-02 7.160000002870507696e-02 7.670356219490459537e-02 7.753749599166816220e-02
4.366396605036912404e-02 7.789929705852498276e-02 0.000000000000000000e+00 9.539850571918828681e-02 9.662457568714792611e-02 1.016989967465110334e-01 1.100085600560252591e-01 1.137032487043715956e-01 1.202580509156044170e-01 1.197732505197132147e-01 1.156774905278359217e-01 9.366585489735763936e-02 8.755863165839437856e-02 9.304672725449157633e-02 1.007351996725425053e-01 7.828020837479482408e-02 9.180981689941561386e-02 8.980844003820441512e-02
5.533069420410145767e-02 8.585594055318510054e-02 9.539850571918828681e-02 0.000000000000000000e+00 9.291553777078977172e-02 8.927339010596727076e-02 1.032771018652027667e-01 1.121980138138635036e-01 1.241900620363797086e-01 1.243000820492761449e-01 1.128829314283280177e-01 8.710253861224993843e-02 6.969709273143148698e-02 8.877659665106542308e-02 9.796928287752633413e-02 8.171657757129351107e-02 9.078512844170982810e-02 7.974656623087034157e-02
5.025538194309811524e-02 8.685327310543482227e-02 9.662457568714792611e-02 9.291553777078977172e-02 0.000000000000000000e+00 9.973840547955306612e-02 1.107319475977500134e-01 1.129848721183431548e-01 1.151326484592788690e-01 1.203503478385384989e-01 1.152947087523069625e-01 1.033070031194753685e-01 7.294871729611243638e-02 7.408860143403149523e-02 9.379167117454646763e-02 8.498185550971976143e-02 8.914253123425340541e-02 8.771712484266395993e-02
5.445116314736125201e-02 8.888366942865696951e-02 1.016989967465110334e-01 8.927339010596727076e-02 9.973840547955306612e-02 0.000000000000000000e+00 1.027705300821927237e-01 9.592923873326773820e-02 9.169023223255533261e-02 1.025145089817177252e-01 9.554639414153118238e-02 7.911186376285767041e-02 5.708309863948956425e-02 6.005841942732803584e-02 7.669517845134231349e-02 5.808927467383131343e-02 6.075094441074550128e-02 6.646653542164297768e-02
5.524198659106200476e-02 6.996588728062744234e-02 1.100085600560252591e-01 1.032771018652027667e-01 1.107319475977500134e-01 1.027705300821927237e-01 0.000000000000000000e+00 1.722820044459830724e-01 1.733716902561979467e-01 1.714750004496930214e-01 1.636845668251546149e-01 1.332914136272163319e-01 6.799667712675469544e-02 8.888265858328682489e-02 9.609932790035874417e-02 9.591928547516979930e-02 1.100081958044093616e-01 9.983284918695883858e-02
6.753174568684540413e-02 7.456695668334224758e-02 1.137032487043715956e-01 1.121980138138635036e-01 1.129848721183431548e-01 9.592923873326773820e-02 1.722820044459830724e-01 0.000000000000000000e+00 1.997836356000164404e-01 2.002124868690302040e-01 1.886777022894331468e-01 1.479638898678657388e-01 6.791381197278777149e-02 8.800079054492154773e-02 1.039363654314710839e-01 1.109833790572960499e-01 1.210683821541600758e-01 1.146030163288056791e-01
6.637473003069638278e-02 8.689687507322313431e-02 1.202580509156044170e-01 1.241900620363797086e-01 1.151326484592788690e-01 9.169023223255533261e-02 1.733716902561979467e-01 1.997836356000164404e-01 0.000000000000000000e+00 1.940386039909670068e-01 1.859026949672475115e-01 1.472406654214801769e-01 7.023206470768696141e-02 9.653617581467389963e-02 1.080629825565767171e-01 1.064152762295304672e-01 1.159104334969128514e-01 1.057573372665102374e-01
7.605474894670780084e-02 9.329464776146975669e-02 1.197732505197132147e-01 1.243000820492761449e-01 1.203503478385384989e-01 1.025145089817177252e-01 1.714750004496930214e-01 2.002124868690302040e-01 1.940386039909670068e-01 0.000000000000000000e+00 1.803031130737666188e-01 1.445252726007755506e-01 7.508012022625039361e-02 9.749013713738455267e-02 1.033476797746566145e-01 1.087190980440348315e-01 1.144549499216092336e-01 1.141942206278392935e-01
8.822289105434803769e-02 8.882251210390872120e-02 1.156774905278359217e-01 1.128829314283280177e-01 1.152947087523069625e-01 9.554639414153118238e-02 1.636845668251546149e-01 1.886777022894331468e-01 1.859026949672475115e-01 1.803031130737666188e-01 0.000000000000000000e+00 1.400055374028993660e-01 7.811003126473123337e-02 9.161315624830523863e-02 9.737573626423935702e-02 1.071932926822887627e-01 1.128563888645337382e-01 1.086714598591997510e-01
7.157750616499355956e-02 6.847652286577711467e-02 9.366585489735763936e-02 8.710253861224993843e-02 1.033070031194753685e-01 7.911186376285767041e-02 1.332914136272163319e-01 1.479638898678657388e-01 1.472406654214801769e-01 1.445252726007755506e-01 1.400055374028993660e-01 0.000000000000000000e+00 6.748924307871360939e-02 7.519209748538892291e-02 8.356114353921216542e-02 8.276042332642308264e-02 9.249756505819482777e-02 9.239311234009216223e-02
6.292654730277678909e-02 5.956365483473886197e-02 8.755863165839437856e-02 6.969709273143148698e-02 7.294871729611243638e-02 5.708309863948956425e-02 6.799667712675469544e-02 6.791381197278777149e-02 7.023206470768696141e-02 7.508012022625039361e-02 7.811003126473123337e-02 6.748924307871360939e-02 0.000000000000000000e+00 6.611188910393418772e-02 6.306811842117049371e-02 6.083188615630701762e-02 7.108525304726182048e-02 7.675181562895792842e-02
7.075697816242595972e-02 7.160811851643866799e-02 9.304672725449157633e-02 8.877659665106542308e-02 7.408860143403149523e-02 6.005841942732803584e-02 8.888265858328682489e-02 8.800079054492154773e-02 9.653617581467389963e-02 9.749013713738455267e-02 9.161315624830523863e-02 7.519209748538892291e-02 6.611188910393418772e-02 0.000000000000000000e+00 7.428459934731768133e-02 7.100268286810093588e-02 8.358862996398309930e-02 7.723078195942237323e-02
6.368754118756866922e-02 7.691125753620461913e-02 1.007351996725425053e-01 9.796928287752633413e-02 9.379167117454646763e-02 7.669517845134231349e-02 9.609932790035874417e-02 1.039363654314710839e-01 1.080629825565767171e-01 1.033476797746566145e-01 9.737573626423935702e-02 8.356114353921216542e-02 6.306811842117049371e-02 7.428459934731768133e-02 0.000000000000000000e+00 8.057312157863166791e-02 8.948830383438081959e-02 8.695703832657458721e-02
5.858229560383943629e-02 7.160000002870507696e-02 7.828020837479482408e-02 8.171657757129351107e-02 8.498185550971976143e-02 5.808927467383131343e-02 9.591928547516979930e-02 1.109833790572960499e-01 1.064152762295304672e-01 1.087190980440348315e-01 1.071932926822887627e-01 8.276042332642308264e-02 6.083188615630701762e-02 7.100268286810093588e-02 8.057312157863166791e-02 0.000000000000000000e+00 9.373542224869227391e-02 8.540672991710063222e-02
6.005792999993629644e-02 7.670356219490459537e-02 9.180981689941561386e-02 9.078512844170982810e-02 8.914253123425340541e-02 6.075094441074550128e-02 1.100081958044093616e-01 1.210683821541600758e-01 1.159104334969128514e-01 1.144549499216092336e-01 1.128563888645337382e-01 9.249756505819482777e-02 7.108525304726182048e-02 8.358862996398309930e-02 8.948830383438081959e-02 9.373542224869227391e-02 0.000000000000000000e+00 9.707827856435018166e-02
6.308484182327785128e-02 7.753749599166816220e-02 8.980844003820441512e-02 7.974656623087034157e-02 8.771712484266395993e-02 6.646653542164297768e-02 9.983284918695883858e-02 1.146030163288056791e-01 1.057573372665102374e-01 1.141942206278392935e-01 1.086714598591997510e-01 9.239311234009216223e-02 7.675181562895792842e-02 7.723078195942237323e-02 8.695703832657458721e-02 8.540672991710063222e-02 9.707827856435018166e-02 0.000000000000000000e+00
