0.000000000000000000e+00 1.722820044459830724e-01 1.733716902561979467e-01 1.714750004496930214e-01 1.636845668251546149e-01 1.332914136272163319e-01
1.722820044459830724e-01 0.000000000000000000e+00 1.997836356000164404e-01 2.002124868690302040e-01 1.886777022894331468e-01 1.479638898678657388e-01
1.733716902561979467e-01 1.997836356000164404e-01 0.000000000000000000e+00 1.940386039909670068e-01 1.859026949672475115e-01 1.472406654214801769e-01
1.714750004496930214e-01 2.002124868690302040e-01 1.940386039909670068e-01 0.000000000000000000e+00 1.803031130737666188e-01 1.445252726007755506e-01
1.636845668251546149e-01 1.886777022894331468e-01 1.859026949672475115e-01 1.803031130737666188e-01 0.000000000000000000e+00 1.400055374028993660e-01
1.332914136272163319e-01 1.479638898678657388e-01 1.472406654214801769e-01 1.445252726007755506e-01 1.400055374028993660e-01 0.000000000000000000e+00
