0.000000000000000000e+00 1.140277147360204246e+00 8.355996916807204578e-01 6.698695460053191164e-01 4.793881043867067593e-01 3.961793336963411738e-01
1.140277147360204246e+00 0.000000000000000000e+00 1.209253855047419446e+00 9.306591505020530564e-01 6.710784178347959372e-01 4.923191617886171767e-01
8.355996916807204578e-01 1.209253855047419446e+00 0.000000000000000000e+00 1.186320854299383942e+00 8.324185818601972375e-01 5.677071640612364467e-01
6.698695460053191164e-01 9.306591505020530564e-01 1.186320854299383942e+00 0.000000000000000000e+00 1.089805660074160576e+00 6.654851091115325801e-01
4.793881043867067593e-01 6.710784178347959372e-01 8.324185818601972375e-01 1.089805660074160576e+00 0.000000000000000000e+00 8.631557674789627210e-01
3.961793336963411738e-01 4.923191617886171767e-01 5.677071640612364467e-01 6.654851091115325801e-01 8.631557674789627210e-01 0.000000000000000000e+00
