0.000000000000000000e+00 3.293166685099435664e+00 3.530556733249186063e+00 4.029954936433643553e+00 5.112434680253710617e+00 3.807777941759129536e+00 5.046052690565948851e+00 5.297915613644942567e+00 5.853905573486959391e+00 6.149349772188690721e+00 6.933360494146572073e+00 6.008066068821048766e+00 4.247369990332003908e+00 4.669959182378955020e+00 5.570497361868975261e+00 4.418379934178994439e+00 4.387048862917798608e+00 5.244661609212721842e+00 0.000000000000000000e+00 4.358906659017468321e+00 1.502180938892071360e+01 6.426526075437695162e+00 4.591800965870087126e+00 2.699830335190774200e+00
3.293166685099435664e+00 0.000000000000000000e+00 5.266282353496268165e+00 5.732547775118550071e+00 7.561563358839240578e+00 6.598194886017778593e+00 6.879756138446716740e+00 5.887389712761997629e+00 7.795880994394898345e+00 8.884710354590497516e+00 1.110609083617709736e+01 8.463694554612457566e+00 5.919947863375062624e+00 4.852210433450751204e+00 5.775624595189540855e+00 6.592688184142033059e+00 5.517740726878731294e+00 4.889954978658296980e+00 2.907523285017092451e+00 4.452446764103751065e+00 5.650433705062304135e+00 6.007208404017131187e+00 4.610151487040388574e+00 4.354463317994886395e+00
3.530556733249186063e+00 5.266282353496268165e+00 0.000000000000000000e+00 7.678301814151506477e+00 7.993427504683832119e+00 7.120973172500145942e+00 1.372932538956608717e+01 1.146340393642957167e+01 1.221871590111433648e+01 1.245885357899427781e+01 1.282388797639761790e+01 1.223316497381529189e+01 7.875991005397459332e+00 7.177806963117983052e+00 9.186143970617578702e+00 7.356950439881944526e+00 7.906939695677192681e+00 6.598741658159901213e+00 3.950506401129331380e+00 5.164780633831417944e+00 6.687000453151231483e+00 7.675036409239758939e+00 6.953060747343097425e+00 5.891071164010850403e+00
4.029954936433643553e+00 5.732547775118550071e+00 7.678301814151506477e+00 0.000000000000000000e+00 7.432758656688661425e+00 9.039568253099790951e+00 1.341176502591028097e+01 9.578060164709810920e+00 9.812450590954204799e+00 8.748951599441991078e+00 1.278191988164495285e+01 1.123225007972605560e+01 5.170107361925930789e+00 5.715600946438296859e+00 7.060916561967416349e+00 5.582393860307939271e+00 8.279261181181546192e+00 6.063558033707757922e+00 3.277099330170242464e+00 6.198984235883870930e+00 1.187811542634337059e+01 9.187928936620947340e+00 9.821200805955317747e+00 5.773175211663591710e+00
5.112434680253710617e+00 7.561563358839240578e+00 7.993427504683832119e+00 7.432758656688661425e+00 0.000000000000000000e+00 8.089544438193499332e+00 2.331327932092061062e+01 1.646698308463675176e+01 1.430115707565077443e+01 1.527026010298514258e+01 2.570952942027912869e+01 1.849896992018533126e+01 7.123081673301621564e+00 5.452853481794996959e+00 7.686985870546455324e+00 8.047838636959088632e+00 8.098794809720164523e+00 6.511989236135689474e+00 3.135062737388643939e+00 4.029524671111386347e+00 9.482671610236668158e+00 7.116752535105580257e+00 8.015296888968801881e+00 6.187557619909330953e+00
3.807777941759129536e+00 6.598194886017778593e+00 7.120973172500145942e+00 9.039568253099790951e+00 8.089544438193499332e+00 0.000000000000000000e+00 1.714930852911104253e+01 1.178414104556287612e+01 1.198821944308155807e+01 1.120612925234524582e+01 9.964341208589557297e+00 8.376857156172118124e+00 3.920304884485893204e+00 4.043184845853440734e+00 5.299347161612885770e+00 3.975580293450251546e+00 4.022436385154242622e+00 4.115553312356476034e+00 4.565081430389545503e+00 4.144723165448056079e+00 8.794075269594141986e+00 8.049381192827699039e+00 7.130275174476331301e+00 6.936632774238693955e+00
5.046052690565948851e+00 6.879756138446716740e+00 1.372932538956608717e+01 1.341176502591028097e+01 2.331327932092061062e+01 1.714930852911104253e+01 0.000000000000000000e+00 1.558287491650811774e+01 1.364149280997239622e+01 1.434713471119849260e+01 1.675081250341673922e+01 1.146860347282947323e+01 4.744194584714565011e+00 8.883327889790582077e+00 9.534882463676208175e+00 8.516396570810266908e+00 8.816019852162810366e+00 1.022630033277132355e+01 3.113819603159174942e+00 5.770606400241828915e+00 6.727547896530204241e+00 7.795342421950236300e+00 8.389767357227540856e+00 8.656851838803419241e+00
5.297915613644942567e+00 5.887389712761997629e+00 1.146340393642957167e+01 9.578060164709810920e+00 1.646698308463675176e+01 1.178414104556287612e+01 1.558287491650811774e+01 0.000000000000000000e+00 1.651547626901928467e+01 1.694964367622624835e+01 1.966779290352311449e+01 1.441127166614685962e+01 4.913068269696450052e+00 8.231261245814224026e+00 9.239444498486275137e+00 1.043188657168802536e+01 8.723873324316853584e+00 1.195332347173326504e+01 3.535182313481217253e+00 6.854366370601574054e+00 7.634015676774344783e+00 8.349606701380304585e+00 8.471058516198940680e+00 7.752368649920121868e+00
5.853905573486959391e+00 7.795880994394898345e+00 1.221871590111433648e+01 9.812450590954204799e+00 1.430115707565077443e+01 1.198821944308155807e+01 1.364149280997239622e+01 1.651547626901928467e+01 0.000000000000000000e+00 1.451481219489857288e+01 1.393168519218284018e+01 1.001249290175509543e+01 5.059544157258544672e+00 8.648018866072055388e+00 8.614772402259410100e+00 8.356265122103819110e+00 7.641534893073731460e+00 8.373977063198690729e+00 3.117794774472435915e+00 5.861790986509939572e+00 6.965541497300172580e+00 9.739136518454269975e+00 1.036180176358206495e+01 9.104807386175092887e+00
6.149349772188690721e+00 8.884710354590497516e+00 1.245885357899427781e+01 8.748951599441991078e+00 1.527026010298514258e+01 1.120612925234524582e+01 1.434713471119849260e+01 1.694964367622624835e+01 1.451481219489857288e+01 0.000000000000000000e+00 1.474714767509343361e+01 9.950831245417564475e+00 5.682986785575296906e+00 8.179816117177054480e+00 8.165208606787697221e+00 8.534857230538133166e+00 6.660746660500323379e+00 8.574520504132610910e+00 3.387130296608878322e+00 4.629740367542014567e+00 6.513110427963985316e+00 8.207943142605111930e+00 8.938309468616282061e+00 7.536778820186265548e+00
6.933360494146572073e+00 1.110609083617709736e+01 1.282388797639761790e+01 1.278191988164495285e+01 2.570952942027912869e+01 9.964341208589557297e+00 1.675081250341673922e+01 1.966779290352311449e+01 1.393168519218284018e+01 1.474714767509343361e+01 0.000000000000000000e+00 1.081427308196855996e+01 5.512970347848273889e+00 8.607615513319496259e+00 8.517356317440770042e+00 8.157222730677997191e+00 7.008204314371779375e+00 6.901838862004580299e+00 3.899070904954581085e+00 5.213071769347533468e+00 6.219296459240807096e+00 8.668374598080328397e+00 8.995183145406628000e+00 7.242559326699824496e+00
6.008066068821048766e+00 8.463694554612457566e+00 1.223316497381529189e+01 1.123225007972605560e+01 1.849896992018533126e+01 8.376857156172118124e+00 1.146860347282947323e+01 1.441127166614685962e+01 1.001249290175509543e+01 9.950831245417564475e+00 1.081427308196855996e+01 0.000000000000000000e+00 4.968101353781269047e+00 9.486277186657773086e+00 1.328829564004809782e+01 7.365647120153418825e+00 6.530166835885428789e+00 6.263784466154099562e+00 4.785680886263418365e+00 5.372439948063775894e+00 7.420194674640057997e+00 8.501752961550460341e+00 8.189424431491730161e+00 6.343984409156888660e+00
4.247369990332003908e+00 5.919947863375062624e+00 7.875991005397459332e+00 5.170107361925930789e+00 7.123081673301621564e+00 3.920304884485893204e+00 4.744194584714565011e+00 4.913068269696450052e+00 5.059544157258544672e+00 5.682986785575296906e+00 5.512970347848273889e+00 4.968101353781269047e+00 0.000000000000000000e+00 7.531770432879604016e+00 6.069931030627921054e+00 6.602966470254261644e+00 8.289836725070053092e+00 8.293397187734322884e+00 2.952362283317986780e+00 3.566707261147153751e+00 3.890762675801171522e+00 3.411813887067061124e+00 3.245359601445197750e+00 4.124276718575154987e+00
4.669959182378955020e+00 4.852210433450751204e+00 7.177806963117983052e+00 5.715600946438296859e+00 5.452853481794996959e+00 4.043184845853440734e+00 8.883327889790582077e+00 8.231261245814224026e+00 8.648018866072055388e+00 8.179816117177054480e+00 8.607615513319496259e+00 9.486277186657773086e+00 7.531770432879604016e+00 0.000000000000000000e+00 4.352917727621276711e+00 4.785952863181113237e+00 6.042671729659223168e+00 6.878572129915319522e+00 0.000000000000000000e+00 3.502212525239649210e+00 3.741445746556499863e+00 4.958536779532653149e+00 5.702848582445911418e+00 5.373862017785675960e+00
5.570497361868975261e+00 5.775624595189540855e+00 9.186143970617578702e+00 7.060916561967416349e+00 7.686985870546455324e+00 5.299347161612885770e+00 9.534882463676208175e+00 9.239444498486275137e+00 8.614772402259410100e+00 8.165208606787697221e+00 8.517356317440770042e+00 1.328829564004809782e+01 6.069931030627921054e+00 4.352917727621276711e+00 0.000000000000000000e+00 5.294386641730859822e+00 6.199764938652286617e+00 7.729914434339944407e+00 0.000000000000000000e+00 3.427614439173690020e+00 6.349641525084604332e+00 5.980057318897161522e+00 6.156328941976548563e+00 6.328424789778575921e+00
4.418379934178994439e+00 6.592688184142033059e+00 7.356950439881944526e+00 5.582393860307939271e+00 8.047838636959088632e+00 3.975580293450251546e+00 8.516396570810266908e+00 1.043188657168802536e+01 8.356265122103819110e+00 8.534857230538133166e+00 8.157222730677997191e+00 7.365647120153418825e+00 6.602966470254261644e+00 4.785952863181113237e+00 5.294386641730859822e+00 0.000000000000000000e+00 7.444482820198349948e+00 7.552265892430592764e+00 0.000000000000000000e+00 2.892864183392632516e+00 5.765653054546945100e+00 6.320963889383488521e+00 5.916644131128755646e+00 7.288636312854602117e+00
4.387048862917798608e+00 5.517740726878731294e+00 7.906939695677192681e+00 8.279261181181546192e+00 8.098794809720164523e+00 4.022436385154242622e+00 8.816019852162810366e+00 8.723873324316853584e+00 7.641534893073731460e+00 6.660746660500323379e+00 7.008204314371779375e+00 6.530166835885428789e+00 8.289836725070053092e+00 6.042671729659223168e+00 6.199764938652286617e+00 7.444482820198349948e+00 0.000000000000000000e+00 6.491174478776870593e+00 0.000000000000000000e+00 3.465460145349748888e+00 6.516757168622576479e+00 6.520577227755264715e+00 6.593669139367689169e+00 8.244048314233632269e+00
5.244661609212721842e+00 4.889954978658296980e+00 6.598741658159901213e+00 6.063558033707757922e+00 6.511989236135689474e+00 4.115553312356476034e+00 1.022630033277132355e+01 1.195332347173326504e+01 8.373977063198690729e+00 8.574520504132610910e+00 6.901838862004580299e+00 6.263784466154099562e+00 8.293397187734322884e+00 6.878572129915319522e+00 7.729914434339944407e+00 7.552265892430592764e+00 6.491174478776870593e+00 0.000000000000000000e+00 0.000000000000000000e+00 3.495004922993713681e+00 5.954666953639021543e+00 7.180351181754367040e+00 8.172723544888393477e+00 1.036521955035398612e+01
0.000000000000000000e+00 2.907523285017092451e+00 3.950506401129331380e+00 3.277099330170242464e+00 3.135062737388643939e+00 4.565081430389545503e+00 3.113819603159174942e+00 3.535182313481217253e+00 3.117794774472435915e+00 3.387130296608878322e+00 3.899070904954581085e+00 4.785680886263418365e+00 2.952362283317986780e+00 0.000000000000000000e+00 0.000000000000000000e+00 0.000000000000000000e+00 0.000000000000000000e+00 0.000000000000000000e+00 0.000000000000000000e+00 3.338530020995991165e+00 4.035635288313786262e+00 3.463512203542843615e+00 5.160110791506064665e+00 4.631124950104497984e+00
4.358906659017468321e+00 4.452446764103751065e+00 5.164780633831417944e+00 6.198984235883870930e+00 4.029524671111386347e+00 4.144723165448056079e+00 5.770606400241828915e+00 6.854366370601574054e+00 5.861790986509939572e+00 4.629740367542014567e+00 5.213071769347533468e+00 5.372439948063775894e+00 3.566707261147153751e+00 3.502212525239649210e+00 3.427614439173690020e+00 2.892864183392632516e+00 3.465460145349748888e+00 3.495004922993713681e+00 3.338530020995991165e+00 0.000000000000000000e+00 5.685038816940056527e+00 5.553613435052772829e+00 6.663311233698240521e+00 7.232576296150970308e+00
1.502180938892071360e+01 5.650433705062304135e+00 6.687000453151231483e+00 1.187811542634337059e+01 9.482671610236668158e+00 8.794075269594141986e+00 6.727547896530204241e+00 7.634015676774344783e+00 6.965541497300172580e+00 6.513110427963985316e+00 6.219296459240807096e+00 7.420194674640057997e+00 3.890762675801171522e+00 3.741445746556499863e+00 6.349641525084604332e+00 5.765653054546945100e+00 6.516757168622576479e+00 5.954666953639021543e+00 4.035635288313786262e+00 5.685038816940056527e+00 0.000000000000000000e+00 6.437866404031654888e+00 6.870058502188731708e+00 7.029387166964975897e+00
6.426526075437695162e+00 6.007208404017131187e+00 7.675036409239758939e+00 9.187928936620947340e+00 7.116752535105580257e+00 8.049381192827699039e+00 7.795342421950236300e+00 8.349606701380304585e+00 9.739136518454269975e+00 8.207943142605111930e+00 8.668374598080328397e+00 8.501752961550460341e+00 3.411813887067061124e+00 4.958536779532653149e+00 5.980057318897161522e+00 6.320963889383488521e+00 6.520577227755264715e+00 7.180351181754367040e+00 3.463512203542843615e+00 5.553613435052772829e+00 6.437866404031654888e+00 0.000000000000000000e+00 6.547136463178129695e+00 6.919603958931728194e+00
4.591800965870087126e+00 4.610151487040388574e+00 6.953060747343097425e+00 9.821200805955317747e+00 8.015296888968801881e+00 7.130275174476331301e+00 8.389767357227540856e+00 8.471058516198940680e+00 1.036180176358206495e+01 8.938309468616282061e+00 8.995183145406628000e+00 8.189424431491730161e+00 3.245359601445197750e+00 5.702848582445911418e+00 6.156328941976548563e+00 5.916644131128755646e+00 6.593669139367689169e+00 8.172723544888393477e+00 5.160110791506064665e+00 6.663311233698240521e+00 6.870058502188731708e+00 6.547136463178129695e+00 0.000000000000000000e+00 6.101479646158450620e+00
2.699830335190774200e+00 4.354463317994886395e+00 5.891071164010850403e+00 5.773175211663591710e+00 6.187557619909330953e+00 6.936632774238693955e+00 8.656851838803419241e+00 7.752368649920121868e+00 9.104807386175092887e+00 7.536778820186265548e+00 7.242559326699824496e+00 6.343984409156888660e+00 4.124276718575154987e+00 5.373862017785675960e+00 6.328424789778575921e+00 7.288636312854602117e+00 8.244048314233632269e+00 1.036521955035398612e+01 4.631124950104497984e+00 7.232576296150970308e+00 7.029387166964975897e+00 6.919603958931728194e+00 6.101479646158450620e+00 0.000000000000000000e+00
