0.000000000000000000e+00 1.092172144915850218e+01 5.891824040648480754e+00 4.789265132550275084e+00 3.651047094560944561e+00 3.838951566365159440e+00 0.000000000000000000e+00 2.551171352143870141e+00 2.847789392401267605e+00 3.739488803598006950e+00 3.727795229462755877e+00 4.876443448280069148e+00 3.544693812088026252e+00 4.593675672407733224e+00 3.530946613625641106e+00 3.432197574039922205e+00 3.017235159640113906e+00 5.330779311242724638e+00 0.000000000000000000e+00 0.000000000000000000e+00 0.000000000000000000e+00 0.000000000000000000e+00 0.000000000000000000e+00 0.000000000000000000e+00
1.092172144915850218e+01 0.000000000000000000e+00 1.733223264859588753e+01 1.093717371118616910e+01 1.008494757989129020e+01 1.000459779286007667e+01 3.024111448288191450e+00 4.955588320862784890e+00 8.011015614158345954e+00 7.216685652008545837e+00 6.280837906691030703e+00 9.299841413152410752e+00 3.642692665292265985e+00 6.223678169058294962e+00 7.225973784715503889e+00 6.898361465398321180e+00 1.022591768139665369e+01 1.026555926519567485e+01 -0.000000000000000000e+00 0.000000000000000000e+00 0.000000000000000000e+00 4.215430838383360523e+00 3.073537900974409709e+00 6.298803983402416762e+00
5.891824040648480754e+00 1.733223264859588753e+01 0.000000000000000000e+00 1.327608896178655407e+01 1.262671528814260391e+01 1.510675078098600643e+01 4.904213517740336314e+00 6.706451749044735955e+00 7.069888507333921268e+00 5.913477062557955577e+00 4.930263974047762510e+00 8.746189637207777423e+00 4.019815990025239039e+00 6.568337487490064852e+00 7.466485823853352244e+00 7.997797316861613659e+00 8.496720828284098914e+00 8.754000982893550997e+00 -0.000000000000000000e+00 0.000000000000000000e+00 0.000000000000000000e+00 0.000000000000000000e+00 2.548163363693488392e+00 6.061682125169308932e+00
4.789265132550275084e+00 1.093717371118616910e+01 1.327608896178655407e+01 0.000000000000000000e+00 3.505422829210424140e+01 1.761683273364211644e+01 4.993249033338603482e+00 6.248824265555227520e+00 6.473089481882071894e+00 5.680336945912524804e+00 6.070457064062996011e+00 1.155083693312435500e+01 4.297094710232341797e+00 6.057802569122121561e+00 8.476563557404430682e+00 1.357952823064219139e+01 1.378911982465718822e+01 9.455392742496167457e+00 -0.000000000000000000e+00 0.000000000000000000e+00 0.000000000000000000e+00 0.000000000000000000e+00 2.846661268826296887e+00 7.417994192826118827e+00
3.651047094560944561e+00 1.008494757989129020e+01 1.262671528814260391e+01 3.505422829210424140e+01 0.000000000000000000e+00 1.351671674752023122e+01 2.775883708141774431e+00 5.051078215867104149e+00 7.669117569420607516e+00 8.365629753823812464e+00 7.909057124761640800e+00 7.607948242071444156e+00 5.212589712498719940e+00 7.646409870826659017e+00 8.933432406140219939e+00 1.227676421700987497e+01 1.461746386671508624e+01 9.597680639531249724e+00 -0.000000000000000000e+00 0.000000000000000000e+00 0.000000000000000000e+00 0.000000000000000000e+00 2.580830494623342464e+00 5.314927376197207565e+00
3.838951566365159440e+00 1.000459779286007667e+01 1.510675078098600643e+01 1.761683273364211644e+01 1.351671674752023122e+01 0.000000000000000000e+00 0.000000000000000000e+00 4.839847999247985477e+00 6.975721802016288997e+00 7.902259429994340501e+00 6.408737835064428623e+00 6.157807205656908422e+00 4.759766346092934697e+00 7.925205732184984697e+00 1.057445651510612628e+01 1.000919000304697981e+01 1.315723124323332449e+01 1.001347605108497874e+01 -0.000000000000000000e+00 0.000000000000000000e+00 0.000000000000000000e+00 0.000000000000000000e+00 2.751088159163371571e+00 4.654872021191029496e+00
0.000000000000000000e+00 3.024111448288191450e+00 4.904213517740336314e+00 4.993249033338603482e+00 2.775883708141774431e+00 0.000000000000000000e+00 0.000000000000000000e+00 1.685493168205934822e+01 1.521324863856036913e+01 1.476311877677106210e+01 8.363152704686893202e+00 6.877823002377159156e+00 0.000000000000000000e+00 2.967075103157449600e+00 0.000000000000000000e+00 0.000000000000000000e+00 0.000000000000000000e+00 3.243766814893113359e+00 3.478971046482296714e+00 7.417072645743519210e+00 1.113732944985912887e+01 1.078591416008747927e+01 5.630861148478169653e+00 3.181118326814679431e+00
2.551171352143870141e+00 4.955588320862784890e+00 6.706451749044735955e+00 6.248824265555227520e+00 5.051078215867104149e+00 4.839847999247985477e+00 1.685493168205934822e+01 0.000000000000000000e+00 2.594443634653409347e+01 1.807467512730086057e+01 1.125478159423284907e+01 9.491075959816358321e+00 2.920917119981646159e+00 4.480327804197557384e+00 4.000648497949576665e+00 4.001478271723271085e+00 4.797938400992046049e+00 5.043174310290047480e+00 3.530469278921489984e+00 5.540826243570594833e+00 1.158502453939988541e+01 9.688481625649846052e+00 7.121513059521565658e+00 4.763082222435737201e+00
2.847789392401267605e+00 8.011015614158345954e+00 7.069888507333921268e+00 6.473089481882071894e+00 7.669117569420607516e+00 6.975721802016288997e+00 1.521324863856036913e+01 2.594443634653409347e+01 0.000000000000000000e+00 1.947997770949420371e+01 1.085245297715616708e+01 7.885870434031141407e+00 3.441478529185657553e+00 5.064310500008955884e+00 4.950795687274476720e+00 5.431438571295791107e+00 5.619443108237305751e+00 5.529614536103955480e+00 4.930077577418528811e+00 5.869249665676807837e+00 8.453381971853591637e+00 7.841258155289176024e+00 6.446759936909929323e+00 5.724132535682918466e+00
3.739488803598006950e+00 7.216685652008545837e+00 5.913477062557955577e+00 5.680336945912524804e+00 8.365629753823812464e+00 7.902259429994340501e+00 1.476311877677106210e+01 1.807467512730086057e+01 1.947997770949420371e+01 0.000000000000000000e+00 1.820632283065771162e+01 9.124475159039324268e+00 4.337867149895974883e+00 6.458825905199536699e+00 6.181935936909796148e+00 6.482023581120259337e+00 6.625356187221868254e+00 6.110829673503466175e+00 3.679772399802300420e+00 6.511369828419145911e+00 1.418938496351936962e+01 9.042709800903802275e+00 8.128902811158253527e+00 6.145518367751666489e+00
3.727795229462755877e+00 6.280837906691030703e+00 4.930263974047762510e+00 6.070457064062996011e+00 7.909057124761640800e+00 6.408737835064428623e+00 8.363152704686893202e+00 1.125478159423284907e+01 1.085245297715616708e+01 1.820632283065771162e+01 0.000000000000000000e+00 1.187298488231246196e+01 4.780910994196741370e+00 6.846847915350190661e+00 7.427947027162458582e+00 7.974971543320511280e+00 8.115921878006279400e+00 7.438548224982340251e+00 0.000000000000000000e+00 4.349922158347072632e+00 8.591422815837507443e+00 6.320419621589430825e+00 7.164640652483921457e+00 5.780488808357497454e+00
4.876443448280069148e+00 9.299841413152410752e+00 8.746189637207777423e+00 1.155083693312435500e+01 7.607948242071444156e+00 6.157807205656908422e+00 6.877823002377159156e+00 9.491075959816358321e+00 7.885870434031141407e+00 9.124475159039324268e+00 1.187298488231246196e+01 0.000000000000000000e+00 4.761007605917695784e+00 5.149677200277173128e+00 5.505675599757522853e+00 5.480384244789672898e+00 5.810826616492933638e+00 5.273545298077737087e+00 3.086586454995315254e+00 4.191051326969571278e+00 6.952291672551580426e+00 6.179720917260006274e+00 6.348310294040012458e+00 6.138417591653418270e+00
3.544693812088026252e+00 3.642692665292265985e+00 4.019815990025239039e+00 4.297094710232341797e+00 5.212589712498719940e+00 4.759766346092934697e+00 0.000000000000000000e+00 2.920917119981646159e+00 3.441478529185657553e+00 4.337867149895974883e+00 4.780910994196741370e+00 4.761007605917695784e+00 0.000000000000000000e+00 2.165095371970411264e+01 1.412314892413929002e+01 1.240882219941682152e+01 1.675516686156677082e+01 1.109539797652540649e+01 0.000000000000000000e+00 4.020785757642931557e+00 3.307017639980868395e+00 2.847641165806062080e+00 3.964083466894727792e+00 3.932875436574494010e+00
4.593675672407733224e+00 6.223678169058294962e+00 6.568337487490064852e+00 6.057802569122121561e+00 7.646409870826659017e+00 7.925205732184984697e+00 2.967075103157449600e+00 4.480327804197557384e+00 5.064310500008955884e+00 6.458825905199536699e+00 6.846847915350190661e+00 5.149677200277173128e+00 2.165095371970411264e+01 0.000000000000000000e+00 1.952171080885036147e+01 1.611259525320942387e+01 1.821508789591146638e+01 1.069846530746899127e+01 0.000000000000000000e+00 0.000000000000000000e+00 2.882558300611508972e+00 2.606753677296782978e+00 3.532517197957826927e+00 5.168198607129967925e+00
3.530946613625641106e+00 7.225973784715503889e+00 7.466485823853352244e+00 8.476563557404430682e+00 8.933432406140219939e+00 1.057445651510612628e+01 0.000000000000000000e+00 4.000648497949576665e+00 4.950795687274476720e+00 6.181935936909796148e+00 7.427947027162458582e+00 5.505675599757522853e+00 1.412314892413929002e+01 1.952171080885036147e+01 0.000000000000000000e+00 2.109329426774262828e+01 2.282144065232625962e+01 1.009673787559296265e+01 -0.000000000000000000e+00 0.000000000000000000e+00 0.000000000000000000e+00 0.000000000000000000e+00 3.708275830492819392e+00 6.079526444895130943e+00
3.432197574039922205e+00 6.898361465398321180e+00 7.997797316861613659e+00 1.357952823064219139e+01 1.227676421700987497e+01 1.000919000304697981e+01 0.000000000000000000e+00 4.001478271723271085e+00 5.431438571295791107e+00 6.482023581120259337e+00 7.974971543320511280e+00 5.480384244789672898e+00 1.240882219941682152e+01 1.611259525320942387e+01 2.109329426774262828e+01 0.000000000000000000e+00 1.765947044142362898e+01 1.013961347164001836e+01 -0.000000000000000000e+00 0.000000000000000000e+00 0.000000000000000000e+00 2.857286251572166424e+00 3.848402372717206976e+00 6.694886534023868130e+00
3.017235159640113906e+00 1.022591768139665369e+01 8.496720828284098914e+00 1.378911982465718822e+01 1.461746386671508624e+01 1.315723124323332449e+01 0.000000000000000000e+00 4.797938400992046049e+00 5.619443108237305751e+00 6.625356187221868254e+00 8.115921878006279400e+00 5.810826616492933638e+00 1.675516686156677082e+01 1.821508789591146638e+01 2.282144065232625962e+01 1.765947044142362898e+01 0.000000000000000000e+00 1.500195173107583280e+01 -0.000000000000000000e+00 0.000000000000000000e+00 0.000000000000000000e+00 0.000000000000000000e+00 3.344803592373922552e+00 7.265747028301904997e+00
5.330779311242724638e+00 1.026555926519567485e+01 8.754000982893550997e+00 9.455392742496167457e+00 9.597680639531249724e+00 1.001347605108497874e+01 3.243766814893113359e+00 5.043174310290047480e+00 5.529614536103955480e+00 6.110829673503466175e+00 7.438548224982340251e+00 5.273545298077737087e+00 1.109539797652540649e+01 1.069846530746899127e+01 1.009673787559296265e+01 1.013961347164001836e+01 1.500195173107583280e+01 0.000000000000000000e+00 0.000000000000000000e+00 0.000000000000000000e+00 3.474480479053587700e+00 3.263500407907675704e+00 3.671328921973845194e+00 6.310426473617423149e+00
0.000000000000000000e+00 -0.000000000000000000e+00 -0.000000000000000000e+00 -0.000000000000000000e+00 -0.000000000000000000e+00 -0.000000000000000000e+00 3.478971046482296714e+00 3.530469278921489984e+00 4.930077577418528811e+00 3.679772399802300420e+00 0.000000000000000000e+00 3.086586454995315254e+00 0.000000000000000000e+00 0.000000000000000000e+00 -0.000000000000000000e+00 -0.000000000000000000e+00 -0.000000000000000000e+00 0.000000000000000000e+00 0.000000000000000000e+00 8.491454616303697023e+00 1.075057635976742176e+01 1.076610867772019020e+01 1.064699483273928493e+01 0.000000000000000000e+00
0.000000000000000000e+00 0.000000000000000000e+00 0.000000000000000000e+00 0.000000000000000000e+00 0.000000000000000000e+00 0.000000000000000000e+00 7.417072645743519210e+00 5.540826243570594833e+00 5.869249665676807837e+00 6.511369828419145911e+00 4.349922158347072632e+00 4.191051326969571278e+00 4.020785757642931557e+00 0.000000000000000000e+00 0.000000000000000000e+00 0.000000000000000000e+00 0.000000000000000000e+00 0.000000000000000000e+00 8.491454616303697023e+00 0.000000000000000000e+00 1.369949088913060820e+01 1.335718095384397763e+01 1.524191827054014148e+01 3.373237184317665616e+00
0.000000000000000000e+00 0.000000000000000000e+00 0.000000000000000000e+00 0.000000000000000000e+00 0.000000000000000000e+00 0.000000000000000000e+00 1.113732944985912887e+01 1.158502453939988541e+01 8.453381971853591637e+00 1.418938496351936962e+01 8.591422815837507443e+00 6.952291672551580426e+00 3.307017639980868395e+00 2.882558300611508972e+00 0.000000000000000000e+00 0.000000000000000000e+00 0.000000000000000000e+00 3.474480479053587700e+00 1.075057635976742176e+01 1.369949088913060820e+01 0.000000000000000000e+00 1.576815627827575916e+01 1.579428561665373110e+01 7.710595001163888185e+00
0.000000000000000000e+00 4.215430838383360523e+00 0.000000000000000000e+00 0.000000000000000000e+00 0.000000000000000000e+00 0.000000000000000000e+00 1.078591416008747927e+01 9.688481625649846052e+00 7.841258155289176024e+00 9.042709800903802275e+00 6.320419621589430825e+00 6.179720917260006274e+00 2.847641165806062080e+00 2.606753677296782978e+00 0.000000000000000000e+00 2.857286251572166424e+00 0.000000000000000000e+00 3.263500407907675704e+00 1.076610867772019020e+01 1.335718095384397763e+01 1.576815627827575916e+01 0.000000000000000000e+00 1.338207121159531532e+01 8.071635828317029748e+00
0.000000000000000000e+00 3.073537900974409709e+00 2.548163363693488392e+00 2.846661268826296887e+00 2.580830494623342464e+00 2.751088159163371571e+00 5.630861148478169653e+00 7.121513059521565658e+00 6.446759936909929323e+00 8.128902811158253527e+00 7.164640652483921457e+00 6.348310294040012458e+00 3.964083466894727792e+00 3.532517197957826927e+00 3.708275830492819392e+00 3.848402372717206976e+00 3.344803592373922552e+00 3.671328921973845194e+00 1.064699483273928493e+01 1.524191827054014148e+01 1.579428561665373110e+01 1.338207121159531532e+01 0.000000000000000000e+00 8.814049677582918463e+00
0.000000000000000000e+00 6.298803983402416762e+00 6.061682125169308932e+00 7.417994192826118827e+00 5.314927376197207565e+00 4.654872021191029496e+00 3.181118326814679431e+00 4.763082222435737201e+00 5.724132535682918466e+00 6.145518367751666489e+00 5.780488808357497454e+00 6.138417591653418270e+00 3.932875436574494010e+00 5.168198607129967925e+00 6.079526444895130943e+00 6.694886534023868130e+00 7.265747028301904997e+00 6.310426473617423149e+00 0.000000000000000000e+00 3.373237184317665616e+00 7.710595001163888185e+00 8.071635828317029748e+00 8.814049677582918463e+00 0.000000000000000000e+00
