0.000000000000000000e+00 1.057530299368795390e+01 8.715357910875926706e+00 6.670999351374140574e+00 4.763515385589518480e+00 4.822427677846380156e+00 0.000000000000000000e+00 3.585449066374392313e+00 3.731672437491096339e+00 4.761757705998511447e+00 4.741227211507379025e+00 5.274247553938563371e+00 4.090607125490947737e+00 5.076056368658051987e+00 4.843584280662812880e+00 3.554037438811269656e+00 2.794222761172933556e+00 4.069650115510140331e+00 0.000000000000000000e+00 0.000000000000000000e+00 2.817824572768855340e+00 3.070429835759577841e+00 0.000000000000000000e+00 0.000000000000000000e+00
1.057530299368795390e+01 0.000000000000000000e+00 1.434575817603818493e+01 1.023917746820711550e+01 1.162595214591181403e+01 7.011652684323679274e+00 2.728259671277340370e+00 4.261956832920168026e+00 5.037821853270388672e+00 5.482505978875624741e+00 4.812914221048260721e+00 5.633638494960580445e+00 3.403823748553531203e+00 5.778551607468198625e+00 7.553769200634896208e+00 7.329101558283009687e+00 9.751345763444186687e+00 8.339835403363904831e+00 -0.000000000000000000e+00 -0.000000000000000000e+00 3.317474378414180247e+00 3.622271509494277897e+00 4.684703328851869131e+00 7.763528843930080470e+00
8.715357910875926706e+00 1.434575817603818493e+01 0.000000000000000000e+00 1.251971938549533014e+01 1.354071485040082301e+01 1.114562012475786723e+01 3.784082264770745940e+00 5.178361629935415600e+00 5.834810138425590154e+00 5.320842825808366428e+00 4.190601132848933652e+00 9.230346974256963932e+00 4.109649722470082089e+00 6.998186596245735913e+00 8.776432266646366998e+00 1.006850683760021425e+01 9.696506386619066831e+00 9.594326442687673762e+00 -0.000000000000000000e+00 0.000000000000000000e+00 0.000000000000000000e+00 3.079281043283503827e+00 3.477092747202797263e+00 5.742808431480037612e+00
6.670999351374140574e+00 1.023917746820711550e+01 1.251971938549533014e+01 0.000000000000000000e+00 3.383134996639079617e+01 1.254817227150411263e+01 4.491904588330770665e+00 5.383411160549418817e+00 5.364206992580347055e+00 4.891280216946896964e+00 3.910345764810846170e+00 9.465524849753240488e+00 4.002858713062538598e+00 6.256752234179291605e+00 7.972663075791021292e+00 1.385779767145446861e+01 1.333240732646473781e+01 1.021899047217104517e+01 -0.000000000000000000e+00 0.000000000000000000e+00 0.000000000000000000e+00 2.858592721335949438e+00 3.789705559708096416e+00 7.432341130192260614e+00
4.763515385589518480e+00 1.162595214591181403e+01 1.354071485040082301e+01 3.383134996639079617e+01 0.000000000000000000e+00 1.162071786563412523e+01 2.809233611837146150e+00 4.742193190225201249e+00 5.241959028610304827e+00 6.167270305122181995e+00 4.448459227404531369e+00 7.555876003162076415e+00 5.721434522902159259e+00 8.444718944215269474e+00 9.120579708944179131e+00 1.299329197796127211e+01 1.667392330874312378e+01 1.141685605158555461e+01 -0.000000000000000000e+00 0.000000000000000000e+00 0.000000000000000000e+00 0.000000000000000000e+00 2.897005910391396988e+00 5.677090979206266930e+00
4.822427677846380156e+00 7.011652684323679274e+00 1.114562012475786723e+01 1.254817227150411263e+01 1.162071786563412523e+01 0.000000000000000000e+00 0.000000000000000000e+00 4.101558917160358142e+00 4.683289213655424277e+00 6.321975840847326111e+00 5.064823793256540085e+00 6.567624869518397190e+00 4.561585797858727531e+00 7.385815305542976716e+00 9.040489728973719608e+00 8.051340762413964569e+00 1.039034777326642711e+01 1.026923419285468420e+01 -0.000000000000000000e+00 0.000000000000000000e+00 0.000000000000000000e+00 0.000000000000000000e+00 2.612292145731111237e+00 5.431367581983054471e+00
0.000000000000000000e+00 2.728259671277340370e+00 3.784082264770745940e+00 4.491904588330770665e+00 2.809233611837146150e+00 0.000000000000000000e+00 0.000000000000000000e+00 1.594563723948931866e+01 1.322423897550183725e+01 9.591880092497014232e+00 6.221796708524668595e+00 6.786840608102563621e+00 0.000000000000000000e+00 0.000000000000000000e+00 0.000000000000000000e+00 0.000000000000000000e+00 0.000000000000000000e+00 2.623731931161442432e+00 3.498241687574831449e+00 5.645698183149107763e+00 9.207228871429380845e+00 6.092037009200002906e+00 4.288847837630407334e+00 2.502927362941329115e+00
3.585449066374392313e+00 4.261956832920168026e+00 5.178361629935415600e+00 5.383411160549418817e+00 4.742193190225201249e+00 4.101558917160358142e+00 1.594563723948931866e+01 0.000000000000000000e+00 2.329762321748900433e+01 1.531637843210184791e+01 1.018572340080223704e+01 1.026415834881432154e+01 2.796959051280352160e+00 3.545148773473474790e+00 3.468225562364999348e+00 3.378782207231993517e+00 3.697578870284604857e+00 4.248717959696927338e+00 2.954995007337553048e+00 5.883607201805871156e+00 9.636969677486764141e+00 8.175000791773941344e+00 7.160120599180982204e+00 4.650015069394494382e+00
3.731672437491096339e+00 5.037821853270388672e+00 5.834810138425590154e+00 5.364206992580347055e+00 5.241959028610304827e+00 4.683289213655424277e+00 1.322423897550183725e+01 2.329762321748900433e+01 0.000000000000000000e+00 1.882344024037968566e+01 1.165353064236352587e+01 1.024080662775031492e+01 2.802224511484374680e+00 4.026574417647481141e+00 4.302656705688359118e+00 4.708047970946988237e+00 5.213962875867587776e+00 5.519783358592286859e+00 4.553079223951882248e+00 6.828251238936165812e+00 9.220147022669820558e+00 1.031747609381897668e+01 9.591511216014035668e+00 6.206285979601871894e+00
4.761757705998511447e+00 5.482505978875624741e+00 5.320842825808366428e+00 4.891280216946896964e+00 6.167270305122181995e+00 6.321975840847326111e+00 9.591880092497014232e+00 1.531637843210184791e+01 1.882344024037968566e+01 0.000000000000000000e+00 1.782356543224176448e+01 8.822239126106328655e+00 3.652582514167000305e+00 5.026316430670923374e+00 5.705501611882944246e+00 6.580650588438502702e+00 6.755002586395558062e+00 6.215013272018309110e+00 0.000000000000000000e+00 4.614854194183427794e+00 8.968707853203836677e+00 9.614800608491036016e+00 8.210610402079639769e+00 6.063947137274509736e+00
4.741227211507379025e+00 4.812914221048260721e+00 4.190601132848933652e+00 3.910345764810846170e+00 4.448459227404531369e+00 5.064823793256540085e+00 6.221796708524668595e+00 1.018572340080223704e+01 1.165353064236352587e+01 1.782356543224176448e+01 0.000000000000000000e+00 1.180677504558881097e+01 4.939174901684443952e+00 6.251875999693168318e+00 7.867033182106478506e+00 9.454578747556386276e+00 7.829612629207662877e+00 7.812771502727346551e+00 0.000000000000000000e+00 3.524203638812594352e+00 7.680749010447956771e+00 7.912733342381101487e+00 7.420815879767234335e+00 6.541892864026874754e+00
5.274247553938563371e+00 5.633638494960580445e+00 9.230346974256963932e+00 9.465524849753240488e+00 7.555876003162076415e+00 6.567624869518397190e+00 6.786840608102563621e+00 1.026415834881432154e+01 1.024080662775031492e+01 8.822239126106328655e+00 1.180677504558881097e+01 0.000000000000000000e+00 5.444125263565920747e+00 5.388024616110134168e+00 5.527937154039218370e+00 7.325138495936267979e+00 6.921965054669141360e+00 6.493161122223677140e+00 3.012753891512983007e+00 4.289139997863263609e+00 8.636468712784857615e+00 8.959823681970819464e+00 6.717494549138879556e+00 5.523700440214640572e+00
4.090607125490947737e+00 3.403823748553531203e+00 4.109649722470082089e+00 4.002858713062538598e+00 5.721434522902159259e+00 4.561585797858727531e+00 0.000000000000000000e+00 2.796959051280352160e+00 2.802224511484374680e+00 3.652582514167000305e+00 4.939174901684443952e+00 5.444125263565920747e+00 0.000000000000000000e+00 2.751327100178937002e+01 1.052898152198604009e+01 8.250324187916017848e+00 1.171241795841650379e+01 8.879508668373931712e+00 0.000000000000000000e+00 4.339987834902218289e+00 0.000000000000000000e+00 3.415980433395826132e+00 3.299779988637408845e+00 3.241797292920253870e+00
5.076056368658051987e+00 5.778551607468198625e+00 6.998186596245735913e+00 6.256752234179291605e+00 8.444718944215269474e+00 7.385815305542976716e+00 0.000000000000000000e+00 3.545148773473474790e+00 4.026574417647481141e+00 5.026316430670923374e+00 6.251875999693168318e+00 5.388024616110134168e+00 2.751327100178937002e+01 0.000000000000000000e+00 1.791298207724658909e+01 1.629656488296096839e+01 1.611549010667232906e+01 9.981767962770097924e+00 0.000000000000000000e+00 0.000000000000000000e+00 3.326073394017631468e+00 3.283576186737733327e+00 3.978887860896155537e+00 5.381964314441925801e+00
4.843584280662812880e+00 7.553769200634896208e+00 8.776432266646366998e+00 7.972663075791021292e+00 9.120579708944179131e+00 9.040489728973719608e+00 0.000000000000000000e+00 3.468225562364999348e+00 4.302656705688359118e+00 5.705501611882944246e+00 7.867033182106478506e+00 5.527937154039218370e+00 1.052898152198604009e+01 1.791298207724658909e+01 0.000000000000000000e+00 2.086131920089168545e+01 2.108315830326622020e+01 9.841225090502195627e+00 0.000000000000000000e+00 0.000000000000000000e+00 2.974223601377034676e+00 3.232613736147520900e+00 4.123624972949491152e+00 6.022144417515505666e+00
3.554037438811269656e+00 7.329101558283009687e+00 1.006850683760021425e+01 1.385779767145446861e+01 1.299329197796127211e+01 8.051340762413964569e+00 0.000000000000000000e+00 3.378782207231993517e+00 4.708047970946988237e+00 6.580650588438502702e+00 9.454578747556386276e+00 7.325138495936267979e+00 8.250324187916017848e+00 1.629656488296096839e+01 2.086131920089168545e+01 0.000000000000000000e+00 1.850036282919749198e+01 9.798741692231951461e+00 -0.000000000000000000e+00 0.000000000000000000e+00 0.000000000000000000e+00 2.998899033526858826e+00 3.708975824603767624e+00 6.655295708828668388e+00
2.794222761172933556e+00 9.751345763444186687e+00 9.696506386619066831e+00 1.333240732646473781e+01 1.667392330874312378e+01 1.039034777326642711e+01 0.000000000000000000e+00 3.697578870284604857e+00 5.213962875867587776e+00 6.755002586395558062e+00 7.829612629207662877e+00 6.921965054669141360e+00 1.171241795841650379e+01 1.611549010667232906e+01 2.108315830326622020e+01 1.850036282919749198e+01 0.000000000000000000e+00 1.310257031942444605e+01 -0.000000000000000000e+00 0.000000000000000000e+00 0.000000000000000000e+00 2.909046783806345626e+00 3.369850091331630715e+00 7.393007916368527610e+00
4.069650115510140331e+00 8.339835403363904831e+00 9.594326442687673762e+00 1.021899047217104517e+01 1.141685605158555461e+01 1.026923419285468420e+01 2.623731931161442432e+00 4.248717959696927338e+00 5.519783358592286859e+00 6.215013272018309110e+00 7.812771502727346551e+00 6.493161122223677140e+00 8.879508668373931712e+00 9.981767962770097924e+00 9.841225090502195627e+00 9.798741692231951461e+00 1.310257031942444605e+01 0.000000000000000000e+00 0.000000000000000000e+00 0.000000000000000000e+00 3.835167080067769962e+00 4.247878785479038299e+00 4.259891181824634998e+00 7.695418336663950143e+00
0.000000000000000000e+00 -0.000000000000000000e+00 -0.000000000000000000e+00 -0.000000000000000000e+00 -0.000000000000000000e+00 -0.000000000000000000e+00 3.498241687574831449e+00 2.954995007337553048e+00 4.553079223951882248e+00 0.000000000000000000e+00 0.000000000000000000e+00 3.012753891512983007e+00 0.000000000000000000e+00 0.000000000000000000e+00 0.000000000000000000e+00 -0.000000000000000000e+00 -0.000000000000000000e+00 0.000000000000000000e+00 0.000000000000000000e+00 8.693219945171520635e+00 9.721817765484889406e+00 7.595540521754818641e+00 6.687851306539726259e+00 0.000000000000000000e+00
0.000000000000000000e+00 -0.000000000000000000e+00 0.000000000000000000e+00 0.000000000000000000e+00 0.000000000000000000e+00 0.000000000000000000e+00 5.645698183149107763e+00 5.883607201805871156e+00 6.828251238936165812e+00 4.614854194183427794e+00 3.524203638812594352e+00 4.289139997863263609e+00 4.339987834902218289e+00 0.000000000000000000e+00 0.000000000000000000e+00 0.000000000000000000e+00 0.000000000000000000e+00 0.000000000000000000e+00 8.693219945171520635e+00 0.000000000000000000e+00 1.209705014328740447e+01 1.171927591083625586e+01 1.187141011812161473e+01 3.875573909818327945e+00
2.817824572768855340e+00 3.317474378414180247e+00 0.000000000000000000e+00 0.000000000000000000e+00 0.000000000000000000e+00 0.000000000000000000e+00 9.207228871429380845e+00 9.636969677486764141e+00 9.220147022669820558e+00 8.968707853203836677e+00 7.680749010447956771e+00 8.636468712784857615e+00 0.000000000000000000e+00 3.326073394017631468e+00 2.974223601377034676e+00 0.000000000000000000e+00 0.000000000000000000e+00 3.835167080067769962e+00 9.721817765484889406e+00 1.209705014328740447e+01 0.000000000000000000e+00 1.480791118354228431e+01 1.199091099842322272e+01 8.651361719682999052e+00
3.070429835759577841e+00 3.622271509494277897e+00 3.079281043283503827e+00 2.858592721335949438e+00 0.000000000000000000e+00 0.000000000000000000e+00 6.092037009200002906e+00 8.175000791773941344e+00 1.031747609381897668e+01 9.614800608491036016e+00 7.912733342381101487e+00 8.959823681970819464e+00 3.415980433395826132e+00 3.283576186737733327e+00 3.232613736147520900e+00 2.998899033526858826e+00 2.909046783806345626e+00 4.247878785479038299e+00 7.595540521754818641e+00 1.171927591083625586e+01 1.480791118354228431e+01 0.000000000000000000e+00 1.242242671856842229e+01 8.488586830779116355e+00
0.000000000000000000e+00 4.684703328851869131e+00 3.477092747202797263e+00 3.789705559708096416e+00 2.897005910391396988e+00 2.612292145731111237e+00 4.288847837630407334e+00 7.160120599180982204e+00 9.591511216014035668e+00 8.210610402079639769e+00 7.420815879767234335e+00 6.717494549138879556e+00 3.299779988637408845e+00 3.978887860896155537e+00 4.123624972949491152e+00 3.708975824603767624e+00 3.369850091331630715e+00 4.259891181824634998e+00 6.687851306539726259e+00 1.187141011812161473e+01 1.199091099842322272e+01 1.242242671856842229e+01 0.000000000000000000e+00 8.779677152490869219e+00
0.000000000000000000e+00 7.763528843930080470e+00 5.742808431480037612e+00 7.432341130192260614e+00 5.677090979206266930e+00 5.431367581983054471e+00 2.502927362941329115e+00 4.650015069394494382e+00 6.206285979601871894e+00 6.063947137274509736e+00 6.541892864026874754e+00 5.523700440214640572e+00 3.241797292920253870e+00 5.381964314441925801e+00 6.022144417515505666e+00 6.655295708828668388e+00 7.393007916368527610e+00 7.695418336663950143e+00 0.000000000000000000e+00 3.875573909818327945e+00 8.651361719682999052e+00 8.488586830779116355e+00 8.779677152490869219e+00 0.000000000000000000e+00
