0.000000000000000000e+00 1.706531494000943783e-01 1.840749962323651734e-01 1.737449200847599462e-01 1.798518349039079367e-01 1.692038295269976955e-01 1.663502777235386920e-01 1.101091186909740061e-01
1.706531494000943783e-01 0.000000000000000000e+00 2.042323500165239558e-01 1.909661302867809440e-01 1.999261442697071733e-01 1.860959513992505587e-01 1.774448017349244677e-01 1.132976426822681071e-01
1.840749962323651734e-01 2.042323500165239558e-01 0.000000000000000000e+00 2.080077767583458914e-01 2.183493142588396330e-01 2.002793855137601775e-01 1.984501160913526296e-01 1.197766790251338087e-01
1.737449200847599462e-01 1.909661302867809440e-01 2.080077767583458914e-01 0.000000000000000000e+00 2.007722336495311177e-01 1.854424659224591654e-01 1.844126007656199939e-01 1.133331831231692288e-01
1.798518349039079367e-01 1.999261442697071733e-01 2.183493142588396330e-01 2.007722336495311177e-01 0.000000000000000000e+00 1.916447343910802070e-01 1.995986456691116739e-01 1.090614789579221755e-01
1.692038295269976955e-01 1.860959513992505587e-01 2.002793855137601775e-01 1.854424659224591654e-01 1.916447343910802070e-01 0.000000000000000000e+00 1.772967671822282543e-01 1.016476489574666131e-01
1.663502777235386920e-01 1.774448017349244677e-01 1.984501160913526296e-01 1.844126007656199939e-01 1.995986456691116739e-01 1.772967671822282543e-01 0.000000000000000000e+00 1.138685358070284370e-01
1.101091186909740061e-01 1.132976426822681071e-01 1.197766790251338087e-01 1.133331831231692288e-01 1.090614789579221755e-01 1.016476489574666131e-01 1.138685358070284370e-01 0.000000000000000000e+00
