0.000000000000000000e+00 0.000000000000000000e+00 5.340896434421183586e-02 7.020417659424824097e-02 7.155753961530320062e-02 8.246239223166980381e-02 9.075200485588101607e-02 8.867958659409402866e-02
0.000000000000000000e+00 0.000000000000000000e+00 7.270621111729472230e-02 9.478610111965748986e-02 1.162980267116682093e-01 1.266487563126843241e-01 1.322441540216619804e-01 1.205884975030048489e-01
5.340896434421183586e-02 7.270621111729472230e-02 0.000000000000000000e+00 1.546415246695602153e-01 1.746606678559406989e-01 1.762004207952236889e-01 1.896007118745034470e-01 1.850369788684497752e-01
7.020417659424824097e-02 9.478610111965748986e-02 1.546415246695602153e-01 0.000000000000000000e+00 2.205994468538037823e-01 2.434601257433411936e-01 2.613981048046143396e-01 2.551130113080099515e-01
7.155753961530320062e-02 1.162980267116682093e-01 1.746606678559406989e-01 2.205994468538037823e-01 0.000000000000000000e+00 2.775338475842581420e-01 2.982257864997558405e-01 2.959058952277335841e-01
8.246239223166980381e-02 1.266487563126843241e-01 1.762004207952236889e-01 2.434601257433411936e-01 2.775338475842581420e-01 0.000000000000000000e+00 3.237964217095341546e-01 3.215177430976668971e-01
9.075200485588101607e-02 1.322441540216619804e-01 1.896007118745034470e-01 2.613981048046143396e-01 2.982257864997558405e-01 3.237964217095341546e-01 0.000000000000000000e+00 3.366617003909707084e-01
8.867958659409402866e-02 1.205884975030048489e-01 1.850369788684497752e-01 2.551130113080099515e-01 2.959058952277335841e-01 3.215177430976668971e-01 3.366617003909707084e-01 0.000000000000000000e+00
