0.000000000000000000e+00 1.558287491650811774e+01 1.364149280997239622e+01 1.434713471119849260e+01 1.675081250341673922e+01 1.146860347282947323e+01
1.558287491650811774e+01 0.000000000000000000e+00 1.651547626901928467e+01 1.694964367622624835e+01 1.966779290352311449e+01 1.441127166614685962e+01
1.364149280997239622e+01 1.651547626901928467e+01 0.000000000000000000e+00 1.451481219489857288e+01 1.393168519218284018e+01 1.001249290175509543e+01
1.434713471119849260e+01 1.694964367622624835e+01 1.451481219489857288e+01 0.000000000000000000e+00 1.474714767509343361e+01 9.950831245417564475e+00
1.675081250341673922e+01 1.966779290352311449e+01 1.393168519218284018e+01 1.474714767509343361e+01 0.000000000000000000e+00 1.081427308196855996e+01
1.146860347282947323e+01 1.441127166614685962e+01 1.001249290175509543e+01 9.950831245417564475e+00 1.081427308196855996e+01 0.000000000000000000e+00
