0.000000000000000000e+00 5.998154769051802088e-02 4.434749116191644136e-02 5.266843649438576747e-02 4.848916036444092525e-02 6.747033575355626533e-02 3.802118085746322707e-02 5.230204556993959392e-02 4.832096732390484678e-02 6.095742252146339052e-02 6.649155119613819886e-02 6.119770651968876873e-02 7.345288071932043472e-02 8.039392976245660072e-02 7.643681363429721820e-02 4.341723480512232891e-02 4.608503580746517447e-02 7.044951381465577867e-02 6.858630376846092114e-02 6.241115084809097102e-02 5.207499612271766082e-02 5.916652276132364219e-02 6.181503249228102043e-02 6.016055477388832645e-02 0.000000000000000000e+00 0.000000000000000000e+00 5.690523497243205747e-02 7.535373120376391565e-02 6.144331636462935925e-02 4.222435752808286619e-02 5.291355641409726390e-02 4.935416763275451979e-02
5.998154769051802088e-02 0.000000000000000000e+00 5.774088020040890612e-02 6.889440002513042005e-02 6.151497016119283207e-02 8.733263727885302863e-02 7.604224986719267110e-02 7.632797253138312588e-02 5.904226300335523037e-02 5.924933413699657453e-02 6.832722048221515077e-02 6.976668908467789643e-02 8.217661326788222587e-02 7.144403048282618740e-02 7.529585720525157344e-02 5.715397146823168739e-02 6.475830895417329647e-02 8.244064952049885708e-02 8.595706442347333942e-02 8.605377435078295778e-02 8.366746895251467309e-02 8.107957744922177079e-02 7.581846136249426049e-02 6.974134641777995913e-02 0.000000000000000000e+00 0.000000000000000000e+00 3.388526741808328691e-02 3.381157524558885824e-02 3.351447405730814677e-02 0.000000000000000000e+00 3.336044491394875994e-02 3.454103402929271233e-02
4.434749116191644136e-02 5.774088020040890612e-02 0.000000000000000000e+00 8.319013352213272539e-02 7.447318942161802735e-02 9.404068376370823545e-02 8.872281708795358435e-02 8.736269469102070362e-02 7.207882517707894787e-02 8.409217233118218560e-02 8.499348825205317592e-02 9.636594345106494486e-02 1.012613341544666284e-01 9.251755980447060046e-02 7.685805619652980036e-02 4.853293723305550367e-02 7.182870566125977574e-02 7.991781956035831636e-02 8.150984701886954120e-02 7.925666127164875119e-02 6.970488749186867783e-02 7.590324186539068596e-02 8.265869898869043775e-02 8.157701761323137013e-02 4.206017599743169105e-02 0.000000000000000000e+00 6.213229909092516517e-02 7.173431080796952020e-02 7.052603748329761002e-02 6.282582596911041872e-02 6.175926693185143646e-02 6.138630029530556254e-02
5.266843649438576747e-02 6.889440002513042005e-02 8.319013352213272539e-02 0.000000000000000000e+00 8.614488200589254241e-02 9.220043330101250489e-02 8.262246816891574697e-02 9.623208717012285418e-02 1.060875435951991047e-01 1.231022538704032443e-01 1.232783500274543947e-01 1.248204104649274504e-01 1.305550539859593739e-01 1.216369616625869315e-01 1.074746783643737713e-01 7.195716870734684967e-02 8.129530971525662786e-02 9.600354599918028975e-02 9.803336918942243128e-02 9.138647115714426672e-02 6.733079400075221710e-02 7.974515392059924879e-02 8.838245362364843816e-02 9.871707628415134217e-02 4.516824514235076582e-02 3.946853160301858066e-02 7.861294954474447316e-02 8.232368049144793420e-02 7.790015666772406866e-02 7.793130312991272679e-02 8.076459044579537006e-02 6.898973465892435653e-02
4.848916036444092525e-02 6.151497016119283207e-02 7.447318942161802735e-02 8.614488200589254241e-02 0.000000000000000000e+00 8.421738675156972831e-02 8.580613480762271095e-02 8.468645691699368261e-02 8.969959667921209578e-02 1.076946707991146973e-01 1.162206158368508102e-01 1.217354934554834150e-01 1.218992813176106305e-01 1.128168413383694862e-01 9.829672303151695822e-02 5.201571588033218618e-02 6.590286084298077607e-02 8.983557130398892032e-02 9.024946854444901301e-02 9.170563047096549902e-02 7.759855967336544424e-02 8.906220830095713803e-02 8.491779001078401945e-02 7.282820382967072903e-02 0.000000000000000000e+00 0.000000000000000000e+00 6.284079649644562504e-02 8.511609592892277476e-02 6.263200864583648442e-02 6.904898213522329964e-02 7.565235628950488234e-02 6.559738266413715768e-02
6.747033575355626533e-02 8.733263727885302863e-02 9.404068376370823545e-02 9.220043330101250489e-02 8.421738675156972831e-02 0.000000000000000000e+00 8.373869610614523284e-02 9.628852646588387243e-02 9.882582948436083314e-02 1.090538309122690702e-01 1.168398356563293550e-01 1.181647061573723456e-01 1.315140877252234108e-01 1.177816731133716627e-01 1.036355172675084702e-01 8.728912210340347699e-02 6.647072499759554276e-02 8.974083474988538145e-02 8.725528645867983157e-02 9.028354937500258914e-02 9.155232331116219813e-02 8.436385794318002063e-02 9.298530498798611432e-02 9.255579037256123076e-02 4.186371096043207951e-02 0.000000000000000000e+00 6.611630334546995946e-02 8.491482483039675122e-02 7.899628220365212394e-02 7.593980424551233233e-02 7.982577243834793057e-02 6.975796449182675163e-02
3.802118085746322707e-02 7.604224986719267110e-02 8.872281708795358435e-02 8.262246816891574697e-02 8.580613480762271095e-02 8.373869610614523284e-02 0.000000000000000000e+00 8.905649163236181720e-02 9.860429324210324975e-02 9.321404455842050019e-02 9.792431680430443985e-02 9.563538354323618262e-02 1.091832852515270402e-01 9.735765494400204501e-02 1.054804870290056845e-01 6.948141016113551505e-02 6.226461208281644510e-02 7.806890463059158736e-02 6.601371971726006926e-02 7.772664669914447488e-02 6.917242245663261790e-02 6.732792492077270541e-02 7.862707891473301458e-02 7.743215296672932568e-02 2.980894322052992512e-02 0.000000000000000000e+00 6.539577075822514129e-02 7.828007330914006634e-02 7.290902261607318247e-02 7.360970187498590278e-02 7.967582254295141331e-02 6.079000654640859258e-02
5.230204556993959392e-02 7.632797253138312588e-02 8.736269469102070362e-02 9.623208717012285418e-02 8.468645691699368261e-02 9.628852646588387243e-02 8.905649163236181720e-02 0.000000000000000000e+00 9.018916679431832062e-02 9.081248391169399747e-02 9.221602224929696667e-02 8.595669764208409280e-02 1.036778171286034111e-01 1.011459695322296515e-01 9.864567099604118483e-02 6.230805663286444196e-02 4.732033335541793034e-02 8.007089185900033435e-02 6.581874423900364868e-02 6.939839650647712521e-02 5.243279926151364623e-02 4.423237984457142891e-02 6.118738170422596129e-02 7.359826801828227294e-02 3.546850530813647207e-02 2.855392699877235332e-02 5.854645089083070075e-02 7.455005025820572728e-02 8.006355574311309342e-02 7.753386987129548547e-02 9.636959226197158723e-02 7.407813864517691360e-02
4.832096732390484678e-02 5.904226300335523037e-02 7.207882517707894787e-02 1.060875435951991047e-01 8.969959667921209578e-02 9.882582948436083314e-02 9.860429324210324975e-02 9.018916679431832062e-02 0.000000000000000000e+00 1.706531494000943783e-01 1.840749962323651734e-01 1.737449200847599462e-01 1.798518349039079367e-01 1.692038295269976955e-01 1.663502777235386920e-01 1.101091186909740061e-01 6.510047953839755153e-02 9.227115017625936444e-02 8.726978693839256007e-02 8.678303694846459249e-02 8.896546512872129109e-02 9.971275767438214643e-02 1.063234931816303130e-01 1.006769011468851283e-01 0.000000000000000000e+00 4.337588111275852976e-02 7.347034937034276070e-02 1.060162567059999422e-01 1.295900566626875250e-01 1.259978076404225100e-01 1.406960230703511450e-01 1.550609615533149188e-01
6.095742252146339052e-02 5.924933413699657453e-02 8.409217233118218560e-02 1.231022538704032443e-01 1.076946707991146973e-01 1.090538309122690702e-01 9.321404455842050019e-02 9.081248391169399747e-02 1.706531494000943783e-01 0.000000000000000000e+00 2.042323500165239558e-01 1.909661302867809440e-01 1.999261442697071733e-01 1.860959513992505587e-01 1.774448017349244677e-01 1.132976426822681071e-01 6.762228352879925963e-02 9.820605111381144892e-02 1.004259386506538704e-01 1.008174155296066854e-01 9.988974373112609328e-02 1.128941192757540735e-01 1.198855846995313945e-01 1.193882128467281395e-01 3.729275591998138656e-02 5.663630679828105668e-02 9.249002500891193024e-02 1.302029643849387242e-01 1.455022961344724086e-01 1.429810426533269230e-01 1.544567286128791239e-01 1.624856617206134612e-01
6.649155119613819886e-02 6.832722048221515077e-02 8.499348825205317592e-02 1.232783500274543947e-01 1.162206158368508102e-01 1.168398356563293550e-01 9.792431680430443985e-02 9.221602224929696667e-02 1.840749962323651734e-01 2.042323500165239558e-01 0.000000000000000000e+00 2.080077767583458914e-01 2.183493142588396330e-01 2.002793855137601775e-01 1.984501160913526296e-01 1.197766790251338087e-01 7.398952479787079817e-02 9.902373318443452588e-02 1.024406034011142719e-01 1.013411786985804336e-01 1.101358524134445488e-01 1.181537256623895471e-01 1.230989740253583126e-01 1.259396035176388040e-01 0.000000000000000000e+00 5.847215821945682401e-02 9.706341137019115772e-02 1.265907773885268095e-01 1.497101625048609663e-01 1.511422688077871390e-01 1.619605478579576596e-01 1.691899544747206829e-01
6.119770651968876873e-02 6.976668908467789643e-02 9.636594345106494486e-02 1.248204104649274504e-01 1.217354934554834150e-01 1.181647061573723456e-01 9.563538354323618262e-02 8.595669764208409280e-02 1.737449200847599462e-01 1.909661302867809440e-01 2.080077767583458914e-01 0.000000000000000000e+00 2.007722336495311177e-01 1.854424659224591654e-01 1.844126007656199939e-01 1.133331831231692288e-01 7.027314319067289039e-02 9.866695255259586017e-02 9.994083111942998754e-02 9.925581975729118323e-02 9.297134720648350670e-02 1.036386514167456502e-01 1.056285048759435380e-01 1.070348327455535181e-01 0.000000000000000000e+00 6.364192470768242904e-02 8.900442445085540721e-02 1.238900166679823139e-01 1.384085312932985534e-01 1.465851562955091392e-01 1.523023695344717932e-01 1.526191855882817472e-01
7.345288071932043472e-02 8.217661326788222587e-02 1.012613341544666284e-01 1.305550539859593739e-01 1.218992813176106305e-01 1.315140877252234108e-01 1.091832852515270402e-01 1.036778171286034111e-01 1.798518349039079367e-01 1.999261442697071733e-01 2.183493142588396330e-01 2.007722336495311177e-01 0.000000000000000000e+00 1.916447343910802070e-01 1.995986456691116739e-01 1.090614789579221755e-01 7.231672309184575265e-02 1.009349948891277021e-01 1.041839976943034901e-01 9.933807358813456778e-02 1.051707394891997494e-01 1.085033818228155200e-01 1.123886676863343481e-01 1.205643550825009347e-01 3.916653440717182688e-02 5.631275840016260886e-02 9.127189747007943832e-02 1.282628595013506068e-01 1.392961086325527065e-01 1.473774676215921786e-01 1.600750806980814067e-01 1.666571436630013836e-01
8.039392976245660072e-02 7.144403048282618740e-02 9.251755980447060046e-02 1.216369616625869315e-01 1.128168413383694862e-01 1.177816731133716627e-01 9.735765494400204501e-02 1.011459695322296515e-01 1.692038295269976955e-01 1.860959513992505587e-01 2.002793855137601775e-01 1.854424659224591654e-01 1.916447343910802070e-01 0.000000000000000000e+00 1.772967671822282543e-01 1.016476489574666131e-01 7.845987945179710987e-02 1.041229126489408852e-01 1.013540677555963970e-01 9.497203728355219088e-02 9.420875068463432922e-02 1.043995160044400988e-01 1.096649579206117192e-01 1.252734316334229991e-01 0.000000000000000000e+00 4.944370187150270296e-02 9.090306236676119755e-02 1.155350263823191753e-01 1.309251020460590331e-01 1.349923796536488807e-01 1.493296758402914426e-01 1.404023323258001554e-01
7.643681363429721820e-02 7.529585720525157344e-02 7.685805619652980036e-02 1.074746783643737713e-01 9.829672303151695822e-02 1.036355172675084702e-01 1.054804870290056845e-01 9.864567099604118483e-02 1.663502777235386920e-01 1.774448017349244677e-01 1.984501160913526296e-01 1.844126007656199939e-01 1.995986456691116739e-01 1.772967671822282543e-01 0.000000000000000000e+00 1.138685358070284370e-01 8.554722531632133475e-02 9.450624963911452570e-02 8.940915775166072277e-02 8.631700129737747418e-02 9.175143553595024870e-02 9.920522172696777385e-02 9.801316878469379379e-02 1.052075717134463156e-01 4.668950021727390209e-02 6.662790595617996969e-02 1.034946098499815587e-01 1.273892187431290846e-01 1.464672411953491515e-01 1.532838029705448080e-01 1.664744892010996957e-01 1.493233232899184859e-01
4.341723480512232891e-02 5.715397146823168739e-02 4.853293723305550367e-02 7.195716870734684967e-02 5.201571588033218618e-02 8.728912210340347699e-02 6.948141016113551505e-02 6.230805663286444196e-02 1.101091186909740061e-01 1.132976426822681071e-01 1.197766790251338087e-01 1.133331831231692288e-01 1.090614789579221755e-01 1.016476489574666131e-01 1.138685358070284370e-01 0.000000000000000000e+00 6.781938565529629925e-02 7.602714042607541800e-02 5.905553920660838035e-02 5.734005519560760045e-02 6.047911765261099887e-02 6.637380847667781469e-02 8.173290976882954806e-02 8.547833616164053627e-02 3.465028467557502295e-02 5.063971291698617094e-02 7.685347040269818741e-02 1.031332681099047799e-01 1.142521596158736219e-01 1.129190319685798860e-01 1.361903085687486969e-01 1.193823560777048376e-01
4.608503580746517447e-02 6.475830895417329647e-02 7.182870566125977574e-02 8.129530971525662786e-02 6.590286084298077607e-02 6.647072499759554276e-02 6.226461208281644510e-02 4.732033335541793034e-02 6.510047953839755153e-02 6.762228352879925963e-02 7.398952479787079817e-02 7.027314319067289039e-02 7.231672309184575265e-02 7.845987945179710987e-02 8.554722531632133475e-02 6.781938565529629925e-02 0.000000000000000000e+00 5.612800968141580527e-02 5.188221506474618994e-02 4.601122678930883586e-02 4.934825669350697414e-02 5.526899327992711858e-02 7.416282580810727720e-02 7.432934267094382097e-02 3.565168650107856940e-02 3.915083855996427664e-02 6.615973910952299697e-02 6.779477726034033314e-02 6.481058655337267049e-02 6.238599826337988541e-02 6.943539523434448524e-02 5.817755300244992211e-02
7.044951381465577867e-02 8.244064952049885708e-02 7.991781956035831636e-02 9.600354599918028975e-02 8.983557130398892032e-02 8.974083474988538145e-02 7.806890463059158736e-02 8.007089185900033435e-02 9.227115017625936444e-02 9.820605111381144892e-02 9.902373318443452588e-02 9.866695255259586017e-02 1.009349948891277021e-01 1.041229126489408852e-01 9.450624963911452570e-02 7.602714042607541800e-02 5.612800968141580527e-02 0.000000000000000000e+00 7.060459747180275469e-02 6.184674631865568623e-02 5.595201967223641104e-02 6.480692070726097598e-02 8.913865404798308745e-02 8.197493843552022819e-02 4.039173138915667927e-02 0.000000000000000000e+00 6.297407740478115634e-02 7.838509745542851515e-02 8.083103134657222688e-02 7.259546631764125790e-02 8.230210273281918232e-02 5.977104223329607335e-02
6.858630376846092114e-02 8.595706442347333942e-02 8.150984701886954120e-02 9.803336918942243128e-02 9.024946854444901301e-02 8.725528645867983157e-02 6.601371971726006926e-02 6.581874423900364868e-02 8.726978693839256007e-02 1.004259386506538704e-01 1.024406034011142719e-01 9.994083111942998754e-02 1.041839976943034901e-01 1.013540677555963970e-01 8.940915775166072277e-02 5.905553920660838035e-02 5.188221506474618994e-02 7.060459747180275469e-02 0.000000000000000000e+00 6.000784254316239574e-02 5.079388630268306948e-02 6.244112438287754974e-02 7.880585560758296415e-02 7.904408728496638281e-02 3.367747348139813607e-02 0.000000000000000000e+00 6.086549183350992154e-02 7.684800600480393151e-02 8.107929455183261747e-02 7.881088952258956393e-02 9.785467750814354215e-02 6.768050599997817163e-02
6.241115084809097102e-02 8.605377435078295778e-02 7.925666127164875119e-02 9.138647115714426672e-02 9.170563047096549902e-02 9.028354937500258914e-02 7.772664669914447488e-02 6.939839650647712521e-02 8.678303694846459249e-02 1.008174155296066854e-01 1.013411786985804336e-01 9.925581975729118323e-02 9.933807358813456778e-02 9.497203728355219088e-02 8.631700129737747418e-02 5.734005519560760045e-02 4.601122678930883586e-02 6.184674631865568623e-02 6.000784254316239574e-02 0.000000000000000000e+00 6.150727903465565138e-02 7.042800268177926148e-02 8.437684871463868586e-02 8.523786295317861694e-02 0.000000000000000000e+00 0.000000000000000000e+00 6.514390424601169960e-02 8.502972348143122971e-02 7.388193181079938388e-02 8.296255480654869674e-02 8.950046207161152512e-02 7.458193862212110503e-02
5.207499612271766082e-02 8.366746895251467309e-02 6.970488749186867783e-02 6.733079400075221710e-02 7.759855967336544424e-02 9.155232331116219813e-02 6.917242245663261790e-02 5.243279926151364623e-02 8.896546512872129109e-02 9.988974373112609328e-02 1.101358524134445488e-01 9.297134720648350670e-02 1.051707394891997494e-01 9.420875068463432922e-02 9.175143553595024870e-02 6.047911765261099887e-02 4.934825669350697414e-02 5.595201967223641104e-02 5.079388630268306948e-02 6.150727903465565138e-02 0.000000000000000000e+00 7.711558152831481106e-02 8.033350209571757383e-02 7.724862258399915749e-02 0.000000000000000000e+00 0.000000000000000000e+00 6.041080771355591267e-02 8.104480082910318905e-02 7.127326134927557122e-02 7.980296683693470505e-02 8.259875538304459197e-02 6.940415574505204299e-02
5.916652276132364219e-02 8.107957744922177079e-02 7.590324186539068596e-02 7.974515392059924879e-02 8.906220830095713803e-02 8.436385794318002063e-02 6.732792492077270541e-02 4.423237984457142891e-02 9.971275767438214643e-02 1.128941192757540735e-01 1.181537256623895471e-01 1.036386514167456502e-01 1.085033818228155200e-01 1.043995160044400988e-01 9.920522172696777385e-02 6.637380847667781469e-02 5.526899327992711858e-02 6.480692070726097598e-02 6.244112438287754974e-02 7.042800268177926148e-02 7.711558152831481106e-02 0.000000000000000000e+00 1.046577967402975429e-01 9.016616925340233124e-02 0.000000000000000000e+00 0.000000000000000000e+00 6.746737380347048174e-02 1.039971128645059278e-01 9.771648854097102210e-02 1.029069450704706290e-01 1.044768188236517986e-01 9.967250247429362831e-02
6.181503249228102043e-02 7.581846136249426049e-02 8.265869898869043775e-02 8.838245362364843816e-02 8.491779001078401945e-02 9.298530498798611432e-02 7.862707891473301458e-02 6.118738170422596129e-02 1.063234931816303130e-01 1.198855846995313945e-01 1.230989740253583126e-01 1.056285048759435380e-01 1.123886676863343481e-01 1.096649579206117192e-01 9.801316878469379379e-02 8.173290976882954806e-02 7.416282580810727720e-02 8.913865404798308745e-02 7.880585560758296415e-02 8.437684871463868586e-02 8.033350209571757383e-02 1.046577967402975429e-01 0.000000000000000000e+00 1.038920793540337034e-01 0.000000000000000000e+00 4.087915597450930694e-02 8.963355725097817139e-02 1.104655951161896410e-01 1.038302913364080593e-01 1.115339068556287783e-01 1.153807557537804285e-01 1.044743620744524176e-01
6.016055477388832645e-02 6.974134641777995913e-02 8.157701761323137013e-02 9.871707628415134217e-02 7.282820382967072903e-02 9.255579037256123076e-02 7.743215296672932568e-02 7.359826801828227294e-02 1.006769011468851283e-01 1.193882128467281395e-01 1.259396035176388040e-01 1.070348327455535181e-01 1.205643550825009347e-01 1.252734316334229991e-01 1.052075717134463156e-01 8.547833616164053627e-02 7.432934267094382097e-02 8.197493843552022819e-02 7.904408728496638281e-02 8.523786295317861694e-02 7.724862258399915749e-02 9.016616925340233124e-02 1.038920793540337034e-01 0.000000000000000000e+00 4.746741766273095825e-02 5.004536109780489961e-02 9.840396024249387086e-02 1.214884839395397320e-01 1.177578828247440174e-01 1.180177484855378239e-01 1.259313244137896803e-01 1.166277817357719432e-01
0.000000000000000000e+00 0.000000000000000000e+00 4.206017599743169105e-02 4.516824514235076582e-02 0.000000000000000000e+00 4.186371096043207951e-02 2.980894322052992512e-02 3.546850530813647207e-02 0.000000000000000000e+00 3.729275591998138656e-02 0.000000000000000000e+00 0.000000000000000000e+00 3.916653440717182688e-02 0.000000000000000000e+00 4.668950021727390209e-02 3.465028467557502295e-02 3.565168650107856940e-02 4.039173138915667927e-02 3.367747348139813607e-02 0.000000000000000000e+00 0.000000000000000000e+00 0.000000000000000000e+00 0.000000000000000000e+00 4.746741766273095825e-02 0.000000000000000000e+00 0.000000000000000000e+00 5.340896434421183586e-02 7.020417659424824097e-02 7.155753961530320062e-02 8.246239223166980381e-02 9.075200485588101607e-02 8.867958659409402866e-02
0.000000000000000000e+00 0.000000000000000000e+00 0.000000000000000000e+00 3.946853160301858066e-02 0.000000000000000000e+00 0.000000000000000000e+00 0.000000000000000000e+00 2.855392699877235332e-02 4.337588111275852976e-02 5.663630679828105668e-02 5.847215821945682401e-02 6.364192470768242904e-02 5.631275840016260886e-02 4.944370187150270296e-02 6.662790595617996969e-02 5.063971291698617094e-02 3.915083855996427664e-02 0.000000000000000000e+00 0.000000000000000000e+00 0.000000000000000000e+00 0.000000000000000000e+00 0.000000000000000000e+00 4.087915597450930694e-02 5.004536109780489961e-02 0.000000000000000000e+00 0.000000000000000000e+00 7.270621111729472230e-02 9.478610111965748986e-02 1.162980267116682093e-01 1.266487563126843241e-01 1.322441540216619804e-01 1.205884975030048489e-01
5.690523497243205747e-02 3.388526741808328691e-02 6.213229909092516517e-02 7.861294954474447316e-02 6.284079649644562504e-02 6.611630334546995946e-02 6.539577075822514129e-02 5.854645089083070075e-02 7.347034937034276070e-02 9.249002500891193024e-02 9.706341137019115772e-02 8.900442445085540721e-02 9.127189747007943832e-02 9.090306236676119755e-02 1.034946098499815587e-01 7.685347040269818741e-02 6.615973910952299697e-02 6.297407740478115634e-02 6.086549183350992154e-02 6.514390424601169960e-02 6.041080771355591267e-02 6.746737380347048174e-02 8.963355725097817139e-02 9.840396024249387086e-02 5.340896434421183586e-02 7.270621111729472230e-02 0.000000000000000000e+00 1.546415246695602153e-01 1.746606678559406989e-01 1.762004207952236889e-01 1.896007118745034470e-01 1.850369788684497752e-01
7.535373120376391565e-02 3.381157524558885824e-02 7.173431080796952020e-02 8.232368049144793420e-02 8.511609592892277476e-02 8.491482483039675122e-02 7.828007330914006634e-02 7.455005025820572728e-02 1.060162567059999422e-01 1.302029643849387242e-01 1.265907773885268095e-01 1.238900166679823139e-01 1.282628595013506068e-01 1.155350263823191753e-01 1.273892187431290846e-01 1.031332681099047799e-01 6.779477726034033314e-02 7.838509745542851515e-02 7.684800600480393151e-02 8.502972348143122971e-02 8.104480082910318905e-02 1.039971128645059278e-01 1.104655951161896410e-01 1.214884839395397320e-01 7.020417659424824097e-02 9.478610111965748986e-02 1.546415246695602153e-01 0.000000000000000000e+00 2.205994468538037823e-01 2.434601257433411936e-01 2.613981048046143396e-01 2.551130113080099515e-01
6.144331636462935925e-02 3.351447405730814677e-02 7.052603748329761002e-02 7.790015666772406866e-02 6.263200864583648442e-02 7.899628220365212394e-02 7.290902261607318247e-02 8.006355574311309342e-02 1.295900566626875250e-01 1.455022961344724086e-01 1.497101625048609663e-01 1.384085312932985534e-01 1.392961086325527065e-01 1.309251020460590331e-01 1.464672411953491515e-01 1.142521596158736219e-01 6.481058655337267049e-02 8.083103134657222688e-02 8.107929455183261747e-02 7.388193181079938388e-02 7.127326134927557122e-02 9.771648854097102210e-02 1.038302913364080593e-01 1.177578828247440174e-01 7.155753961530320062e-02 1.162980267116682093e-01 1.746606678559406989e-01 2.205994468538037823e-01 0.000000000000000000e+00 2.775338475842581420e-01 2.982257864997558405e-01 2.959058952277335841e-01
4.222435752808286619e-02 0.000000000000000000e+00 6.282582596911041872e-02 7.793130312991272679e-02 6.904898213522329964e-02 7.593980424551233233e-02 7.360970187498590278e-02 7.753386987129548547e-02 1.259978076404225100e-01 1.429810426533269230e-01 1.511422688077871390e-01 1.465851562955091392e-01 1.473774676215921786e-01 1.349923796536488807e-01 1.532838029705448080e-01 1.129190319685798860e-01 6.238599826337988541e-02 7.259546631764125790e-02 7.881088952258956393e-02 8.296255480654869674e-02 7.980296683693470505e-02 1.029069450704706290e-01 1.115339068556287783e-01 1.180177484855378239e-01 8.246239223166980381e-02 1.266487563126843241e-01 1.762004207952236889e-01 2.434601257433411936e-01 2.775338475842581420e-01 0.000000000000000000e+00 3.237964217095341546e-01 3.215177430976668971e-01
5.291355641409726390e-02 3.336044491394875994e-02 6.175926693185143646e-02 8.076459044579537006e-02 7.565235628950488234e-02 7.982577243834793057e-02 7.967582254295141331e-02 9.636959226197158723e-02 1.406960230703511450e-01 1.544567286128791239e-01 1.619605478579576596e-01 1.523023695344717932e-01 1.600750806980814067e-01 1.493296758402914426e-01 1.664744892010996957e-01 1.361903085687486969e-01 6.943539523434448524e-02 8.230210273281918232e-02 9.785467750814354215e-02 8.950046207161152512e-02 8.259875538304459197e-02 1.044768188236517986e-01 1.153807557537804285e-01 1.259313244137896803e-01 9.075200485588101607e-02 1.322441540216619804e-01 1.896007118745034470e-01 2.613981048046143396e-01 2.982257864997558405e-01 3.237964217095341546e-01 0.000000000000000000e+00 3.366617003909707084e-01
4.935416763275451979e-02 3.454103402929271233e-02 6.138630029530556254e-02 6.898973465892435653e-02 6.559738266413715768e-02 6.975796449182675163e-02 6.079000654640859258e-02 7.407813864517691360e-02 1.550609615533149188e-01 1.624856617206134612e-01 1.691899544747206829e-01 1.526191855882817472e-01 1.666571436630013836e-01 1.404023323258001554e-01 1.493233232899184859e-01 1.193823560777048376e-01 5.817755300244992211e-02 5.977104223329607335e-02 6.768050599997817163e-02 7.458193862212110503e-02 6.940415574505204299e-02 9.967250247429362831e-02 1.044743620744524176e-01 1.166277817357719432e-01 8.867958659409402866e-02 1.205884975030048489e-01 1.850369788684497752e-01 2.551130113080099515e-01 2.959058952277335841e-01 3.215177430976668971e-01 3.366617003909707084e-01 0.000000000000000000e+00
