0.000000000000000000e+00 5.998154769051802088e-02 4.434749116191644136e-02 5.266843649438576747e-02 4.848916036444092525e-02 6.747033575355626533e-02 3.802118085746322707e-02 5.230204556993959392e-02
5.998154769051802088e-02 0.000000000000000000e+00 5.774088020040890612e-02 6.889440002513042005e-02 6.151497016119283207e-02 8.733263727885302863e-02 7.604224986719267110e-02 7.632797253138312588e-02
4.434749116191644136e-02 5.774088020040890612e-02 0.000000000000000000e+00 8.319013352213272539e-02 7.447318942161802735e-02 9.404068376370823545e-02 8.872281708795358435e-02 8.736269469102070362e-02
5.266843649438576747e-02 6.889440002513042005e-02 8.319013352213272539e-02 0.000000000000000000e+00 8.614488200589254241e-02 9.220043330101250489e-02 8.262246816891574697e-02 9.623208717012285418e-02
4.848916036444092525e-02 6.151497016119283207e-02 7.447318942161802735e-02 8.614488200589254241e-02 0.000000000000000000e+00 8.421738675156972831e-02 8.580613480762271095e-02 8.468645691699368261e-02
6.747033575355626533e-02 8.733263727885302863e-02 9.404068376370823545e-02 9.220043330101250489e-02 8.421738675156972831e-02 0.000000000000000000e+00 8.373869610614523284e-02 9.628852646588387243e-02
3.802118085746322707e-02 7.604224986719267110e-02 8.872281708795358435e-02 8.262246816891574697e-02 8.580613480762271095e-02 8.373869610614523284e-02 0.000000000000000000e+00 8.905649163236181720e-02
5.230204556993959392e-02 7.632797253138312588e-02 8.736269469102070362e-02 9.623208717012285418e-02 8.468645691699368261e-02 9.628852646588387243e-02 8.905649163236181720e-02 0.000000000000000000e+00
