0.000000000000000000e+00 5.973261084603726651e-02 7.473646915014095504e-02 7.280559492784721698e-02 6.264303992551362166e-02 7.191363771756606460e-02 8.241280587796648294e-02 8.358937283482681391e-02 7.536355712566554510e-02 7.740441855079568945e-02 6.871505724482306066e-02 7.688372039134799829e-02 2.922445343573028959e-02 5.736241315819293196e-02 4.014738005276742572e-02 4.248356848547673453e-02
5.973261084603726651e-02 0.000000000000000000e+00 1.052076076326727422e-01 1.052560890861447135e-01 1.061809925545312699e-01 1.171138797520382968e-01 1.194234308917897502e-01 9.950252245174873167e-02 9.356786794197499701e-02 9.756903620375738384e-02 8.098899655825143873e-02 1.003671899985777993e-01 5.434464001866287641e-02 9.208800183149734586e-02 8.984763152510405471e-02 8.348314663922884460e-02
7.473646915014095504e-02 1.052076076326727422e-01 0.000000000000000000e+00 9.989105468036496571e-02 1.145901540475443570e-01 1.288665886056021836e-01 1.305990331590521081e-01 1.059331290291588429e-01 8.748269076280140721e-02 1.009481451810635422e-01 9.011541356364549671e-02 9.594062920395454719e-02 4.652747261760917241e-02 9.313766353553114274e-02 9.172597187893834214e-02 8.690723197124548827e-02
7.280559492784721698e-02 1.052560890861447135e-01 9.989105468036496571e-02 0.000000000000000000e+00 1.096342947319899203e-01 1.050241861640067165e-01 1.119403058140938101e-01 1.071611051685548849e-01 7.531584045667542859e-02 7.745693917886981028e-02 6.570198740487795397e-02 7.906646353500808300e-02 3.308630510368007482e-02 7.744842361870284131e-02 8.474089808467574758e-02 8.961795412144328565e-02
6.264303992551362166e-02 1.061809925545312699e-01 1.145901540475443570e-01 1.096342947319899203e-01 0.000000000000000000e+00 1.879604753908244996e-01 1.868898724341632178e-01 1.612356094836603915e-01 8.345897797294764275e-02 1.028113934843241650e-01 1.050464139543907660e-01 1.170750048852433334e-01 5.074404298251512790e-02 1.049915567263868255e-01 1.436466612428959067e-01 1.631635688692283925e-01
7.191363771756606460e-02 1.171138797520382968e-01 1.288665886056021836e-01 1.050241861640067165e-01 1.879604753908244996e-01 0.000000000000000000e+00 2.036665919884267095e-01 1.750778359396929496e-01 8.634219836828534167e-02 1.091773025568288369e-01 1.129839554820012137e-01 1.216808361436680086e-01 5.698577815541058106e-02 1.167705623547543314e-01 1.581662345334560460e-01 1.699950961229791113e-01
8.241280587796648294e-02 1.194234308917897502e-01 1.305990331590521081e-01 1.119403058140938101e-01 1.868898724341632178e-01 2.036665919884267095e-01 0.000000000000000000e+00 1.697678017811525275e-01 9.069552780653633572e-02 1.075334755691697286e-01 1.101248278438919925e-01 1.235131682521128788e-01 4.962338778244814591e-02 1.154492721738816369e-01 1.479971981061589392e-01 1.628778889470693381e-01
8.358937283482681391e-02 9.950252245174873167e-02 1.059331290291588429e-01 1.071611051685548849e-01 1.612356094836603915e-01 1.750778359396929496e-01 1.697678017811525275e-01 0.000000000000000000e+00 9.055902662315536145e-02 9.318952656049891980e-02 9.844013938384642282e-02 1.090205057892937729e-01 5.992285643627320857e-02 1.195250469830640705e-01 1.487984143039464413e-01 1.591220675085143754e-01
7.536355712566554510e-02 9.356786794197499701e-02 8.748269076280140721e-02 7.531584045667542859e-02 8.345897797294764275e-02 8.634219836828534167e-02 9.069552780653633572e-02 9.055902662315536145e-02 0.000000000000000000e+00 7.698592758225553112e-02 7.540750151560553227e-02 9.333068519014668663e-02 4.487680174840876640e-02 7.907716115719568006e-02 7.772412321473629038e-02 7.407723554348738526e-02
7.740441855079568945e-02 9.756903620375738384e-02 1.009481451810635422e-01 7.745693917886981028e-02 1.028113934843241650e-01 1.091773025568288369e-01 1.075334755691697286e-01 9.318952656049891980e-02 7.698592758225553112e-02 0.000000000000000000e+00 8.036112231012321194e-02 9.266554892144110434e-02 0.000000000000000000e+00 7.892002863031273574e-02 9.030474081044782830e-02 9.371299427885035338e-02
6.871505724482306066e-02 8.098899655825143873e-02 9.011541356364549671e-02 6.570198740487795397e-02 1.050464139543907660e-01 1.129839554820012137e-01 1.101248278438919925e-01 9.844013938384642282e-02 7.540750151560553227e-02 8.036112231012321194e-02 0.000000000000000000e+00 9.829230263677204982e-02 0.000000000000000000e+00 8.246639743915623599e-02 9.332097412448067675e-02 9.448799616615316532e-02
7.688372039134799829e-02 1.003671899985777993e-01 9.594062920395454719e-02 7.906646353500808300e-02 1.170750048852433334e-01 1.216808361436680086e-01 1.235131682521128788e-01 1.090205057892937729e-01 9.333068519014668663e-02 9.266554892144110434e-02 9.829230263677204982e-02 0.000000000000000000e+00 4.279248898129068418e-02 1.034597999856296940e-01 1.085571078237368287e-01 1.138034999303384198e-01
2.922445343573028959e-02 5.434464001866287641e-02 4.652747261760917241e-02 3.308630510368007482e-02 5.074404298251512790e-02 5.698577815541058106e-02 4.962338778244814591e-02 5.992285643627320857e-02 4.487680174840876640e-02 0.000000000000000000e+00 0.000000000000000000e+00 4.279248898129068418e-02 0.000000000000000000e+00 8.364722286830800213e-02 1.136504184854052468e-01 1.265223165211248058e-01
5.736241315819293196e-02 9.208800183149734586e-02 9.313766353553114274e-02 7.744842361870284131e-02 1.049915567263868255e-01 1.167705623547543314e-01 1.154492721738816369e-01 1.195250469830640705e-01 7.907716115719568006e-02 7.892002863031273574e-02 8.246639743915623599e-02 1.034597999856296940e-01 8.364722286830800213e-02 0.000000000000000000e+00 2.233065322253975082e-01 2.432626412827826323e-01
4.014738005276742572e-02 8.984763152510405471e-02 9.172597187893834214e-02 8.474089808467574758e-02 1.436466612428959067e-01 1.581662345334560460e-01 1.479971981061589392e-01 1.487984143039464413e-01 7.772412321473629038e-02 9.030474081044782830e-02 9.332097412448067675e-02 1.085571078237368287e-01 1.136504184854052468e-01 2.233065322253975082e-01 0.000000000000000000e+00 3.238778664458321632e-01
4.248356848547673453e-02 8.348314663922884460e-02 8.690723197124548827e-02 8.961795412144328565e-02 1.631635688692283925e-01 1.699950961229791113e-01 1.628778889470693381e-01 1.591220675085143754e-01 7.407723554348738526e-02 9.371299427885035338e-02 9.448799616615316532e-02 1.138034999303384198e-01 1.265223165211248058e-01 2.432626412827826323e-01 3.238778664458321632e-01 0.000000000000000000e+00
