0.000000000000000000e+00 1.002516658153193574e-01 1.039512164992054816e-01 9.201506068366326063e-02 9.632921466318018766e-02 9.826988017947084486e-02 9.101019262935763909e-02 7.260191636907946389e-02
1.002516658153193574e-01 0.000000000000000000e+00 1.234991840717973854e-01 1.130448936853038072e-01 1.145257844552885484e-01 1.154981218136152399e-01 1.101616786740419185e-01 7.740553688326624882e-02
1.039512164992054816e-01 1.234991840717973854e-01 0.000000000000000000e+00 1.315072265560628395e-01 1.356793626028272304e-01 1.318538927341643130e-01 1.310223340222021471e-01 9.038061637683374172e-02
9.201506068366326063e-02 1.130448936853038072e-01 1.315072265560628395e-01 0.000000000000000000e+00 1.233980708823246564e-01 1.205640790781984939e-01 1.192685839150086913e-01 7.013859767455750405e-02
9.632921466318018766e-02 1.145257844552885484e-01 1.356793626028272304e-01 1.233980708823246564e-01 0.000000000000000000e+00 1.268230555393023706e-01 1.342592578797303371e-01 8.827810684219476733e-02
9.826988017947084486e-02 1.154981218136152399e-01 1.318538927341643130e-01 1.205640790781984939e-01 1.268230555393023706e-01 0.000000000000000000e+00 1.170409605669179565e-01 7.859355497275054281e-02
9.101019262935763909e-02 1.101616786740419185e-01 1.310223340222021471e-01 1.192685839150086913e-01 1.342592578797303371e-01 1.170409605669179565e-01 0.000000000000000000e+00 9.089223555325992576e-02
7.260191636907946389e-02 7.740553688326624882e-02 9.038061637683374172e-02 7.013859767455750405e-02 8.827810684219476733e-02 7.859355497275054281e-02 9.089223555325992576e-02 0.000000000000000000e+00
