0.000000000000000000e+00 1.092172144915850218e+01 5.891824040648480754e+00 4.789265132550275084e+00 3.651047094560944561e+00 3.838951566365159440e+00
1.092172144915850218e+01 0.000000000000000000e+00 1.733223264859588753e+01 1.093717371118616910e+01 1.008494757989129020e+01 1.000459779286007667e+01
5.891824040648480754e+00 1.733223264859588753e+01 0.000000000000000000e+00 1.327608896178655407e+01 1.262671528814260391e+01 1.510675078098600643e+01
4.789265132550275084e+00 1.093717371118616910e+01 1.327608896178655407e+01 0.000000000000000000e+00 3.505422829210424140e+01 1.761683273364211644e+01
3.651047094560944561e+00 1.008494757989129020e+01 1.262671528814260391e+01 3.505422829210424140e+01 0.000000000000000000e+00 1.351671674752023122e+01
3.838951566365159440e+00 1.000459779286007667e+01 1.510675078098600643e+01 1.761683273364211644e+01 1.351671674752023122e+01 0.000000000000000000e+00
