0.000000000000000000e+00 2.751327100178937002e+01 1.052898152198604009e+01 8.250324187916017848e+00 1.171241795841650379e+01 8.879508668373931712e+00
2.751327100178937002e+01 0.000000000000000000e+00 1.791298207724658909e+01 1.629656488296096839e+01 1.611549010667232906e+01 9.981767962770097924e+00
1.052898152198604009e+01 1.791298207724658909e+01 0.000000000000000000e+00 2.086131920089168545e+01 2.108315830326622020e+01 9.841225090502195627e+00
8.250324187916017848e+00 1.629656488296096839e+01 2.086131920089168545e+01 0.000000000000000000e+00 1.850036282919749198e+01 9.798741692231951461e+00
1.171241795841650379e+01 1.611549010667232906e+01 2.108315830326622020e+01 1.850036282919749198e+01 0.000000000000000000e+00 1.310257031942444605e+01
8.879508668373931712e+00 9.981767962770097924e+00 9.841225090502195627e+00 9.798741692231951461e+00 1.310257031942444605e+01 0.000000000000000000e+00
