0.000000000000000000e+00 2.165095371970411264e+01 1.412314892413929002e+01 1.240882219941682152e+01 1.675516686156677082e+01 1.109539797652540649e+01
2.165095371970411264e+01 0.000000000000000000e+00 1.952171080885036147e+01 1.611259525320942387e+01 1.821508789591146638e+01 1.069846530746899127e+01
1.412314892413929002e+01 1.952171080885036147e+01 0.000000000000000000e+00 2.109329426774262828e+01 2.282144065232625962e+01 1.009673787559296265e+01
1.240882219941682152e+01 1.611259525320942387e+01 2.109329426774262828e+01 0.000000000000000000e+00 1.765947044142362898e+01 1.013961347164001836e+01
1.675516686156677082e+01 1.821508789591146638e+01 2.282144065232625962e+01 1.765947044142362898e+01 0.000000000000000000e+00 1.500195173107583280e+01
1.109539797652540649e+01 1.069846530746899127e+01 1.009673787559296265e+01 1.013961347164001836e+01 1.500195173107583280e+01 0.000000000000000000e+00
