0.000000000000000000e+00 8.693219945171520635e+00 9.721817765484889406e+00 7.595540521754818641e+00 6.687851306539726259e+00 0.000000000000000000e+00
8.693219945171520635e+00 0.000000000000000000e+00 1.209705014328740447e+01 1.171927591083625586e+01 1.187141011812161473e+01 3.875573909818327945e+00
9.721817765484889406e+00 1.209705014328740447e+01 0.000000000000000000e+00 1.480791118354228431e+01 1.199091099842322272e+01 8.651361719682999052e+00
7.595540521754818641e+00 1.171927591083625586e+01 1.480791118354228431e+01 0.000000000000000000e+00 1.242242671856842229e+01 8.488586830779116355e+00
6.687851306539726259e+00 1.187141011812161473e+01 1.199091099842322272e+01 1.242242671856842229e+01 0.000000000000000000e+00 8.779677152490869219e+00
0.000000000000000000e+00 3.875573909818327945e+00 8.651361719682999052e+00 8.488586830779116355e+00 8.779677152490869219e+00 0.000000000000000000e+00
