0.000000000000000000e+00 7.011653259350394407e-01 4.778849299428543085e-01 3.788823696701550947e-01 2.760328315596329296e-01 0.000000000000000000e+00
7.011653259350394407e-01 0.000000000000000000e+00 7.613445531005837985e-01 5.809240207365483633e-01 4.601067480878125449e-01 2.676462646802954537e-01
4.778849299428543085e-01 7.613445531005837985e-01 0.000000000000000000e+00 9.211025378465993452e-01 6.989452160007406656e-01 4.771244000548046094e-01
3.788823696701550947e-01 5.809240207365483633e-01 9.211025378465993452e-01 0.000000000000000000e+00 1.002581503191912526e+00 6.509954566663895825e-01
2.760328315596329296e-01 4.601067480878125449e-01 6.989452160007406656e-01 1.002581503191912526e+00 0.000000000000000000e+00 9.646674553706904298e-01
0.000000000000000000e+00 2.676462646802954537e-01 4.771244000548046094e-01 6.509954566663895825e-01 9.646674553706904298e-01 0.000000000000000000e+00
