0.000000000000000000e+00 6.825216816025856392e-01 4.389830210526612930e-01 3.474549265027570000e-01 2.509349365751565308e-01 0.000000000000000000e+00
6.825216816025856392e-01 0.000000000000000000e+00 7.539370138162688750e-01 5.943991236001164857e-01 4.616620889811124395e-01 2.747685169673166894e-01
4.389830210526612930e-01 7.539370138162688750e-01 0.000000000000000000e+00 9.276288745787543144e-01 6.859335541196049935e-01 4.894080875701450339e-01
3.474549265027570000e-01 5.943991236001164857e-01 9.276288745787543144e-01 0.000000000000000000e+00 9.793677610714477400e-01 6.627881219322342421e-01
2.509349365751565308e-01 4.616620889811124395e-01 6.859335541196049935e-01 9.793677610714477400e-01 0.000000000000000000e+00 9.697112022373282070e-01
0.000000000000000000e+00 2.747685169673166894e-01 4.894080875701450339e-01 6.627881219322342421e-01 9.697112022373282070e-01 0.000000000000000000e+00
