0.000000000000000000e+00 8.491454616303697023e+00 1.075057635976742176e+01 1.076610867772019020e+01 1.064699483273928493e+01 0.000000000000000000e+00
8.491454616303697023e+00 0.000000000000000000e+00 1.369949088913060820e+01 1.335718095384397763e+01 1.524191827054014148e+01 3.373237184317665616e+00
1.075057635976742176e+01 1.369949088913060820e+01 0.000000000000000000e+00 1.576815627827575916e+01 1.579428561665373110e+01 7.710595001163888185e+00
1.076610867772019020e+01 1.335718095384397763e+01 1.576815627827575916e+01 0.000000000000000000e+00 1.338207121159531532e+01 8.071635828317029748e+00
1.064699483273928493e+01 1.524191827054014148e+01 1.579428561665373110e+01 1.338207121159531532e+01 0.000000000000000000e+00 8.814049677582918463e+00
0.000000000000000000e+00 3.373237184317665616e+00 7.710595001163888185e+00 8.071635828317029748e+00 8.814049677582918463e+00 0.000000000000000000e+00
