0.000000000000000000e+00 6.513107861577479341e+00 5.600321564684360709e+00 4.503122661164117524e+00 3.419172787017525028e+00 0.000000000000000000e+00 7.324659466739454672e+00 7.077867519103965499e+00 7.911221292967755225e+00 9.777742966922152945e+00 7.665877440597138381e+00 6.406656436533207710e+00 0.000000000000000000e+00 3.420702905890121936e+00 2.791602001647407238e+00 2.729842276662933109e+00 0.000000000000000000e+00 0.000000000000000000e+00 3.831639896928768163e+00 4.417058624611811091e+00 5.278400461533483856e+00 6.224098110169334674e+00 4.690501296501212281e+00 4.490216471565374512e+00
6.513107861577479341e+00 0.000000000000000000e+00 3.188806776912164853e+00 0.000000000000000000e+00 0.000000000000000000e+00 0.000000000000000000e+00 1.131832593322212333e+01 8.817306726838015862e+00 8.746931891735213682e+00 9.373682259277554607e+00 6.218930521488888807e+00 7.110562017753813358e+00 0.000000000000000000e+00 2.650515280216536596e+00 3.194222095949699636e+00 0.000000000000000000e+00 0.000000000000000000e+00 0.000000000000000000e+00 0.000000000000000000e+00 5.454249889229234149e+00 1.110866564233668896e+01 8.719356485389665679e+00 7.328215362818164991e+00 5.898428235932169805e+00
5.600321564684360709e+00 3.188806776912164853e+00 0.000000000000000000e+00 3.080142743259546290e+00 0.000000000000000000e+00 0.000000000000000000e+00 5.799466874482327228e+00 5.104901965367939276e+00 4.231370914731938271e+00 4.514260760813829876e+00 4.339398363258235136e+00 3.707936594442584610e+00 0.000000000000000000e+00 0.000000000000000000e+00 0.000000000000000000e+00 0.000000000000000000e+00 0.000000000000000000e+00 0.000000000000000000e+00 0.000000000000000000e+00 4.965686791420945490e+00 8.631164410772409923e+00 5.890196475100728080e+00 5.938664994137844211e+00 4.340508252927940624e+00
4.503122661164117524e+00 0.000000000000000000e+00 3.080142743259546290e+00 0.000000000000000000e+00 0.000000000000000000e+00 0.000000000000000000e+00 5.905775663267759157e+00 5.241577854176412643e+00 4.618444927042602011e+00 5.474410108400029173e+00 4.857387710359319044e+00 4.184300445765107845e+00 0.000000000000000000e+00 2.856536824846153788e+00 3.121439428967656582e+00 0.000000000000000000e+00 0.000000000000000000e+00 0.000000000000000000e+00 0.000000000000000000e+00 3.406303299008301533e+00 5.355756537683801000e+00 7.473562142118135299e+00 7.841688581610297248e+00 6.847384661495117264e+00
3.419172787017525028e+00 0.000000000000000000e+00 0.000000000000000000e+00 0.000000000000000000e+00 0.000000000000000000e+00 0.000000000000000000e+00 4.945710508552868312e+00 6.664147807025344150e+00 4.763687609481149998e+00 4.289788853906885358e+00 5.142174799619909642e+00 5.020288351323572762e+00 0.000000000000000000e+00 4.698535783228336093e+00 2.593076064759572308e+00 0.000000000000000000e+00 3.286821981885475807e+00 0.000000000000000000e+00 0.000000000000000000e+00 2.973309677405145734e+00 5.499640985869835852e+00 8.645487015814264709e+00 6.815654884414741765e+00 5.129004156818810500e+00
0.000000000000000000e+00 0.000000000000000000e+00 0.000000000000000000e+00 0.000000000000000000e+00 0.000000000000000000e+00 0.000000000000000000e+00 5.488419009607075516e+00 6.174881173066395057e+00 3.547054787696722666e+00 3.634289312487603230e+00 5.108649271533099778e+00 2.886780241570135797e+00 0.000000000000000000e+00 0.000000000000000000e+00 0.000000000000000000e+00 -0.000000000000000000e+00 0.000000000000000000e+00 0.000000000000000000e+00 0.000000000000000000e+00 0.000000000000000000e+00 4.025748685526505000e+00 5.342508942562920637e+00 4.122487598865750336e+00 2.968776081848367276e+00
7.324659466739454672e+00 1.131832593322212333e+01 5.799466874482327228e+00 5.905775663267759157e+00 4.945710508552868312e+00 5.488419009607075516e+00 0.000000000000000000e+00 8.019139662639696908e+00 7.607765713590771917e+00 6.768420655669963537e+00 7.246705191585880890e+00 6.864632512501900763e+00 2.622576105205703723e+00 3.170937568821830421e+00 2.814319223099278844e+00 2.771788046870772071e+00 5.104883093809725381e+00 4.643509719986196771e+00 0.000000000000000000e+00 4.432446743906718112e+00 9.046786794987164981e+00 1.093409027527023802e+01 7.653253784032896689e+00 5.562754138771942358e+00
7.077867519103965499e+00 8.817306726838015862e+00 5.104901965367939276e+00 5.241577854176412643e+00 6.664147807025344150e+00 6.174881173066395057e+00 8.019139662639696908e+00 0.000000000000000000e+00 9.328035268696860172e+00 7.369215172238380518e+00 7.483120293129183587e+00 7.639443348295019476e+00 3.739793548109994870e+00 3.484464600168829307e+00 2.719941192525081597e+00 2.683806317933671526e+00 3.717267283101581388e+00 4.139161875744020946e+00 4.665713645738064130e+00 6.264495608548600991e+00 1.566590633660062615e+01 1.108673629283422102e+01 9.298890680640422346e+00 6.856481225140562685e+00
7.911221292967755225e+00 8.746931891735213682e+00 4.231370914731938271e+00 4.618444927042602011e+00 4.763687609481149998e+00 3.547054787696722666e+00 7.607765713590771917e+00 9.328035268696860172e+00 0.000000000000000000e+00 7.669084305967184712e+00 7.578714542824573464e+00 7.116097252145463514e+00 2.586999799021400204e+00 3.063022659476782206e+00 0.000000000000000000e+00 0.000000000000000000e+00 3.548324339459508092e+00 4.291266878152124598e+00 5.305212995978728863e+00 6.097371382201774992e+00 9.990710733039822600e+00 9.922942336943414432e+00 8.900806606381118868e+00 7.254464501467183801e+00
9.777742966922152945e+00 9.373682259277554607e+00 4.514260760813829876e+00 5.474410108400029173e+00 4.289788853906885358e+00 3.634289312487603230e+00 6.768420655669963537e+00 7.369215172238380518e+00 7.669084305967184712e+00 0.000000000000000000e+00 6.915583477422177161e+00 7.428642987056552904e+00 3.682833647816102562e+00 4.173190378062407113e+00 2.732266674315198429e+00 2.879385855330246713e+00 3.724740978779030876e+00 3.963908575695178182e+00 5.278830716520636734e+00 6.876831345464444745e+00 1.053414362672880777e+01 9.362753096034651890e+00 8.009744539907730498e+00 6.867155445965074101e+00
7.665877440597138381e+00 6.218930521488888807e+00 4.339398363258235136e+00 4.857387710359319044e+00 5.142174799619909642e+00 5.108649271533099778e+00 7.246705191585880890e+00 7.483120293129183587e+00 7.578714542824573464e+00 6.915583477422177161e+00 0.000000000000000000e+00 6.572198878289770896e+00 3.243906232721229799e+00 5.176075340254157275e+00 4.141342131638973356e+00 3.837742974506479499e+00 4.311743148122523017e+00 4.164718497747364800e+00 4.267411601808297483e+00 6.526722386215270788e+00 7.337794710520460839e+00 7.618199526824803058e+00 7.162650285385494975e+00 5.347498812423856052e+00
6.406656436533207710e+00 7.110562017753813358e+00 3.707936594442584610e+00 4.184300445765107845e+00 5.020288351323572762e+00 2.886780241570135797e+00 6.864632512501900763e+00 7.639443348295019476e+00 7.116097252145463514e+00 7.428642987056552904e+00 6.572198878289770896e+00 0.000000000000000000e+00 0.000000000000000000e+00 4.489640261852250624e+00 3.279388928291758543e+00 3.794091240470236492e+00 4.602033887846576299e+00 4.684039561270674668e+00 0.000000000000000000e+00 4.614634755813797007e+00 5.554767362293036470e+00 5.922144620078706012e+00 6.004331652197106628e+00 5.743184386389902585e+00
0.000000000000000000e+00 0.000000000000000000e+00 0.000000000000000000e+00 0.000000000000000000e+00 0.000000000000000000e+00 0.000000000000000000e+00 2.622576105205703723e+00 3.739793548109994870e+00 2.586999799021400204e+00 3.682833647816102562e+00 3.243906232721229799e+00 0.000000000000000000e+00 0.000000000000000000e+00 3.032730576740990891e+00 0.000000000000000000e+00 0.000000000000000000e+00 0.000000000000000000e+00 0.000000000000000000e+00 0.000000000000000000e+00 0.000000000000000000e+00 0.000000000000000000e+00 2.637065272813639449e+00 0.000000000000000000e+00 0.000000000000000000e+00
3.420702905890121936e+00 2.650515280216536596e+00 0.000000000000000000e+00 2.856536824846153788e+00 4.698535783228336093e+00 0.000000000000000000e+00 3.170937568821830421e+00 3.484464600168829307e+00 3.063022659476782206e+00 4.173190378062407113e+00 5.176075340254157275e+00 4.489640261852250624e+00 3.032730576740990891e+00 0.000000000000000000e+00 2.937584036466072135e+00 3.732192893220275476e+00 4.401510786033335343e+00 2.674102150637608588e+00 0.000000000000000000e+00 0.000000000000000000e+00 0.000000000000000000e+00 3.311036797648554408e+00 0.000000000000000000e+00 0.000000000000000000e+00
2.791602001647407238e+00 3.194222095949699636e+00 0.000000000000000000e+00 3.121439428967656582e+00 2.593076064759572308e+00 0.000000000000000000e+00 2.814319223099278844e+00 2.719941192525081597e+00 0.000000000000000000e+00 2.732266674315198429e+00 4.141342131638973356e+00 3.279388928291758543e+00 0.000000000000000000e+00 2.937584036466072135e+00 0.000000000000000000e+00 0.000000000000000000e+00 3.324197897681076874e+00 0.000000000000000000e+00 -0.000000000000000000e+00 0.000000000000000000e+00 0.000000000000000000e+00 0.000000000000000000e+00 3.036510552426741949e+00 2.699192599193624531e+00
2.729842276662933109e+00 0.000000000000000000e+00 0.000000000000000000e+00 0.000000000000000000e+00 0.000000000000000000e+00 -0.000000000000000000e+00 2.771788046870772071e+00 2.683806317933671526e+00 0.000000000000000000e+00 2.879385855330246713e+00 3.837742974506479499e+00 3.794091240470236492e+00 0.000000000000000000e+00 3.732192893220275476e+00 0.000000000000000000e+00 0.000000000000000000e+00 2.972066396480478101e+00 0.000000000000000000e+00 -0.000000000000000000e+00 -0.000000000000000000e+00 0.000000000000000000e+00 3.118018717094894754e+00 3.402517883981506674e+00 3.285811853432434315e+00
0.000000000000000000e+00 0.000000000000000000e+00 0.000000000000000000e+00 0.000000000000000000e+00 3.286821981885475807e+00 0.000000000000000000e+00 5.104883093809725381e+00 3.717267283101581388e+00 3.548324339459508092e+00 3.724740978779030876e+00 4.311743148122523017e+00 4.602033887846576299e+00 0.000000000000000000e+00 4.401510786033335343e+00 3.324197897681076874e+00 2.972066396480478101e+00 0.000000000000000000e+00 0.000000000000000000e+00 -0.000000000000000000e+00 0.000000000000000000e+00 0.000000000000000000e+00 5.235692488803540989e+00 4.984739502724245597e+00 4.773777143618731067e+00
0.000000000000000000e+00 0.000000000000000000e+00 0.000000000000000000e+00 0.000000000000000000e+00 0.000000000000000000e+00 0.000000000000000000e+00 4.643509719986196771e+00 4.139161875744020946e+00 4.291266878152124598e+00 3.963908575695178182e+00 4.164718497747364800e+00 4.684039561270674668e+00 0.000000000000000000e+00 2.674102150637608588e+00 0.000000000000000000e+00 0.000000000000000000e+00 0.000000000000000000e+00 0.000000000000000000e+00 0.000000000000000000e+00 0.000000000000000000e+00 2.618831136298776396e+00 4.039332062311646432e+00 3.545027026467607811e+00 3.434127582069531837e+00
3.831639896928768163e+00 0.000000000000000000e+00 0.000000000000000000e+00 0.000000000000000000e+00 0.000000000000000000e+00 0.000000000000000000e+00 0.000000000000000000e+00 4.665713645738064130e+00 5.305212995978728863e+00 5.278830716520636734e+00 4.267411601808297483e+00 0.000000000000000000e+00 0.000000000000000000e+00 0.000000000000000000e+00 -0.000000000000000000e+00 -0.000000000000000000e+00 -0.000000000000000000e+00 0.000000000000000000e+00 0.000000000000000000e+00 3.937530618108889158e+00 5.408611769103325528e+00 6.024374847433090707e+00 6.905853274075250958e+00 4.501729876948139975e+00
4.417058624611811091e+00 5.454249889229234149e+00 4.965686791420945490e+00 3.406303299008301533e+00 2.973309677405145734e+00 0.000000000000000000e+00 4.432446743906718112e+00 6.264495608548600991e+00 6.097371382201774992e+00 6.876831345464444745e+00 6.526722386215270788e+00 4.614634755813797007e+00 0.000000000000000000e+00 0.000000000000000000e+00 0.000000000000000000e+00 -0.000000000000000000e+00 0.000000000000000000e+00 0.000000000000000000e+00 3.937530618108889158e+00 0.000000000000000000e+00 6.372775719777648007e+00 6.296767568286417038e+00 8.073799542051547817e+00 7.114192402428669126e+00
5.278400461533483856e+00 1.110866564233668896e+01 8.631164410772409923e+00 5.355756537683801000e+00 5.499640985869835852e+00 4.025748685526505000e+00 9.046786794987164981e+00 1.566590633660062615e+01 9.990710733039822600e+00 1.053414362672880777e+01 7.337794710520460839e+00 5.554767362293036470e+00 0.000000000000000000e+00 0.000000000000000000e+00 0.000000000000000000e+00 0.000000000000000000e+00 0.000000000000000000e+00 2.618831136298776396e+00 5.408611769103325528e+00 6.372775719777648007e+00 0.000000000000000000e+00 8.252249108302407876e+00 8.429000806247435307e+00 6.969333384292611733e+00
6.224098110169334674e+00 8.719356485389665679e+00 5.890196475100728080e+00 7.473562142118135299e+00 8.645487015814264709e+00 5.342508942562920637e+00 1.093409027527023802e+01 1.108673629283422102e+01 9.922942336943414432e+00 9.362753096034651890e+00 7.618199526824803058e+00 5.922144620078706012e+00 2.637065272813639449e+00 3.311036797648554408e+00 0.000000000000000000e+00 3.118018717094894754e+00 5.235692488803540989e+00 4.039332062311646432e+00 6.024374847433090707e+00 6.296767568286417038e+00 8.252249108302407876e+00 0.000000000000000000e+00 9.814941112105282528e+00 8.200041066031257486e+00
4.690501296501212281e+00 7.328215362818164991e+00 5.938664994137844211e+00 7.841688581610297248e+00 6.815654884414741765e+00 4.122487598865750336e+00 7.653253784032896689e+00 9.298890680640422346e+00 8.900806606381118868e+00 8.009744539907730498e+00 7.162650285385494975e+00 6.004331652197106628e+00 0.000000000000000000e+00 0.000000000000000000e+00 3.036510552426741949e+00 3.402517883981506674e+00 4.984739502724245597e+00 3.545027026467607811e+00 6.905853274075250958e+00 8.073799542051547817e+00 8.429000806247435307e+00 9.814941112105282528e+00 0.000000000000000000e+00 7.776710432918648053e+00
4.490216471565374512e+00 5.898428235932169805e+00 4.340508252927940624e+00 6.847384661495117264e+00 5.129004156818810500e+00 2.968776081848367276e+00 5.562754138771942358e+00 6.856481225140562685e+00 7.254464501467183801e+00 6.867155445965074101e+00 5.347498812423856052e+00 5.743184386389902585e+00 0.000000000000000000e+00 0.000000000000000000e+00 2.699192599193624531e+00 3.285811853432434315e+00 4.773777143618731067e+00 3.434127582069531837e+00 4.501729876948139975e+00 7.114192402428669126e+00 6.969333384292611733e+00 8.200041066031257486e+00 7.776710432918648053e+00 0.000000000000000000e+00
